 0.000000 1.000000 2.000000 3.000000 4.000000 5.000000 6.000000 7.000000 8.000000 1.117117 0.497947 1.117117 2.061056 3.041044 4.030875 5.024734 6.020627 7.017688 8.015482 1.402687 0.983631 1.402687 2.228796 3.157140 4.119166 5.095835 6.080093 7.068771 8.060244 1.757357 1.445097 1.757357 2.467449 3.329911 4.253035 5.204643 6.171572 7.147608 8.129471 2.121452 1.870978 2.121452 2.738715 3.535613 4.415944 5.338591 6.284947 7.245727 8.215872 2.462937 2.250790 2.462937 3.010989 3.750474 4.589777 5.483252 6.408280 7.352962 8.310599 2.762527 2.575181 2.762527 3.260607 3.953676 4.757263 5.624194 6.529284 7.458656 8.404258 3.007293 2.836161 3.007293 3.470420 4.128415 4.903449 5.748375 6.636551 7.552735 8.487863 3.188195 3.027307 3.188195 3.628304 4.261993 5.016432 5.845048 6.720460 7.626571 8.553630 3.299115 3.143909 3.299115 3.726146 4.345591 5.087648 5.906282 6.773785 7.673602 8.595590
 1.000000 0.000000 1.000000 2.000000 3.000000 4.000000 5.000000 6.000000 7.000000 2.061056 1.117117 0.497947 1.117117 2.061056 3.041044 4.030875 5.024734 6.020627 7.017688 2.228796 1.402687 0.983631 1.402687 2.228796 3.157140 4.119166 5.095835 6.080093 7.068771 2.467449 1.757357 1.445097 1.757357 2.467449 3.329911 4.253035 5.204643 6.171572 7.147608 2.738715 2.121452 1.870978 2.121452 2.738715 3.535613 4.415944 5.338591 6.284947 7.245727 3.010989 2.462937 2.250790 2.462937 3.010989 3.750474 4.589777 5.483252 6.408280 7.352962 3.260607 2.762527 2.575181 2.762527 3.260607 3.953676 4.757263 5.624194 6.529284 7.458656 3.470420 3.007293 2.836161 3.007293 3.470420 4.128415 4.903449 5.748375 6.636551 7.552735 3.628304 3.188195 3.027307 3.188195 3.628304 4.261993 5.016432 5.845048 6.720460 7.626571 3.726146 3.299115 3.143909 3.299115 3.726146 4.345591 5.087648 5.906282 6.773785 7.673602
 2.000000 1.000000 0.000000 1.000000 2.000000 3.000000 4.000000 5.000000 6.000000 3.041044 2.061056 1.117117 0.497947 1.117117 2.061056 3.041044 4.030875 5.024734 6.020627 3.157140 2.228796 1.402687 0.983631 1.402687 2.228796 3.157140 4.119166 5.095835 6.080093 3.329911 2.467449 1.757357 1.445097 1.757357 2.467449 3.329911 4.253035 5.204643 6.171572 3.535613 2.738715 2.121452 1.870978 2.121452 2.738715 3.535613 4.415944 5.338591 6.284947 3.750474 3.010989 2.462937 2.250790 2.462937 3.010989 3.750474 4.589777 5.483252 6.408280 3.953676 3.260607 2.762527 2.575181 2.762527 3.260607 3.953676 4.757263 5.624194 6.529284 4.128415 3.470420 3.007293 2.836161 3.007293 3.470420 4.128415 4.903449 5.748375 6.636551 4.261993 3.628304 3.188195 3.027307 3.188195 3.628304 4.261993 5.016432 5.845048 6.720460 4.345591 3.726146 3.299115 3.143909 3.299115 3.726146 4.345591 5.087648 5.906282 6.773785
 3.000000 2.000000 1.000000 0.000000 1.000000 2.000000 3.000000 4.000000 5.000000 4.030875 3.041044 2.061056 1.117117 0.497947 1.117117 2.061056 3.041044 4.030875 5.024734 4.119166 3.157140 2.228796 1.402687 0.983631 1.402687 2.228796 3.157140 4.119166 5.095835 4.253035 3.329911 2.467449 1.757357 1.445097 1.757357 2.467449 3.329911 4.253035 5.204643 4.415944 3.535613 2.738715 2.121452 1.870978 2.121452 2.738715 3.535613 4.415944 5.338591 4.589777 3.750474 3.010989 2.462937 2.250790 2.462937 3.010989 3.750474 4.589777 5.483252 4.757263 3.953676 3.260607 2.762527 2.575181 2.762527 3.260607 3.953676 4.757263 5.624194 4.903449 4.128415 3.470420 3.007293 2.836161 3.007293 3.470420 4.128415 4.903449 5.748375 5.016432 4.261993 3.628304 3.188195 3.027307 3.188195 3.628304 4.261993 5.016432 5.845048 5.087648 4.345591 3.726146 3.299115 3.143909 3.299115 3.726146 4.345591 5.087648 5.906282
 4.000000 3.000000 2.000000 1.000000 0.000000 1.000000 2.000000 3.000000 4.000000 5.024734 4.030875 3.041044 2.061056 1.117117 0.497947 1.117117 2.061056 3.041044 4.030875 5.095835 4.119166 3.157140 2.228796 1.402687 0.983631 1.402687 2.228796 3.157140 4.119166 5.204643 4.253035 3.329911 2.467449 1.757357 1.445097 1.757357 2.467449 3.329911 4.253035 5.338591 4.415944 3.535613 2.738715 2.121452 1.870978 2.121452 2.738715 3.535613 4.415944 5.483252 4.589777 3.750474 3.010989 2.462937 2.250790 2.462937 3.010989 3.750474 4.589777 5.624194 4.757263 3.953676 3.260607 2.762527 2.575181 2.762527 3.260607 3.953676 4.757263 5.748375 4.903449 4.128415 3.470420 3.007293 2.836161 3.007293 3.470420 4.128415 4.903449 5.845048 5.016432 4.261993 3.628304 3.188195 3.027307 3.188195 3.628304 4.261993 5.016432 5.906282 5.087648 4.345591 3.726146 3.299115 3.143909 3.299115 3.726146 4.345591 5.087648
 5.000000 4.000000 3.000000 2.000000 1.000000 0.000000 1.000000 2.000000 3.000000 6.020627 5.024734 4.030875 3.041044 2.061056 1.117117 0.497947 1.117117 2.061056 3.041044 6.080093 5.095835 4.119166 3.157140 2.228796 1.402687 0.983631 1.402687 2.228796 3.157140 6.171572 5.204643 4.253035 3.329911 2.467449 1.757357 1.445097 1.757357 2.467449 3.329911 6.284947 5.338591 4.415944 3.535613 2.738715 2.121452 1.870978 2.121452 2.738715 3.535613 6.408280 5.483252 4.589777 3.750474 3.010989 2.462937 2.250790 2.462937 3.010989 3.750474 6.529284 5.624194 4.757263 3.953676 3.260607 2.762527 2.575181 2.762527 3.260607 3.953676 6.636551 5.748375 4.903449 4.128415 3.470420 3.007293 2.836161 3.007293 3.470420 4.128415 6.720460 5.845048 5.016432 4.261993 3.628304 3.188195 3.027307 3.188195 3.628304 4.261993 6.773785 5.906282 5.087648 4.345591 3.726146 3.299115 3.143909 3.299115 3.726146 4.345591
 6.000000 5.000000 4.000000 3.000000 2.000000 1.000000 0.000000 1.000000 2.000000 7.017688 6.020627 5.024734 4.030875 3.041044 2.061056 1.117117 0.497947 1.117117 2.061056 7.068771 6.080093 5.095835 4.119166 3.157140 2.228796 1.402687 0.983631 1.402687 2.228796 7.147608 6.171572 5.204643 4.253035 3.329911 2.467449 1.757357 1.445097 1.757357 2.467449 7.245727 6.284947 5.338591 4.415944 3.535613 2.738715 2.121452 1.870978 2.121452 2.738715 7.352962 6.408280 5.483252 4.589777 3.750474 3.010989 2.462937 2.250790 2.462937 3.010989 7.458656 6.529284 5.624194 4.757263 3.953676 3.260607 2.762527 2.575181 2.762527 3.260607 7.552735 6.636551 5.748375 4.903449 4.128415 3.470420 3.007293 2.836161 3.007293 3.470420 7.626571 6.720460 5.845048 5.016432 4.261993 3.628304 3.188195 3.027307 3.188195 3.628304 7.673602 6.773785 5.906282 5.087648 4.345591 3.726146 3.299115 3.143909 3.299115 3.726146
 7.000000 6.000000 5.000000 4.000000 3.000000 2.000000 1.000000 0.000000 1.000000 8.015482 7.017688 6.020627 5.024734 4.030875 3.041044 2.061056 1.117117 0.497947 1.117117 8.060244 7.068771 6.080093 5.095835 4.119166 3.157140 2.228796 1.402687 0.983631 1.402687 8.129471 7.147608 6.171572 5.204643 4.253035 3.329911 2.467449 1.757357 1.445097 1.757357 8.215872 7.245727 6.284947 5.338591 4.415944 3.535613 2.738715 2.121452 1.870978 2.121452 8.310599 7.352962 6.408280 5.483252 4.589777 3.750474 3.010989 2.462937 2.250790 2.462937 8.404258 7.458656 6.529284 5.624194 4.757263 3.953676 3.260607 2.762527 2.575181 2.762527 8.487863 7.552735 6.636551 5.748375 4.903449 4.128415 3.470420 3.007293 2.836161 3.007293 8.553630 7.626571 6.720460 5.845048 5.016432 4.261993 3.628304 3.188195 3.027307 3.188195 8.595590 7.673602 6.773785 5.906282 5.087648 4.345591 3.726146 3.299115 3.143909 3.299115
 8.000000 7.000000 6.000000 5.000000 4.000000 3.000000 2.000000 1.000000 0.000000 9.013765 8.015482 7.017688 6.020627 5.024734 4.030875 3.041044 2.061056 1.117117 0.497947 9.053592 8.060244 7.068771 6.080093 5.095835 4.119166 3.157140 2.228796 1.402687 0.983631 9.115279 8.129471 7.147608 6.171572 5.204643 4.253035 3.329911 2.467449 1.757357 1.445097 9.192419 8.215872 7.245727 6.284947 5.338591 4.415944 3.535613 2.738715 2.121452 1.870978 9.277179 8.310599 7.352962 6.408280 5.483252 4.589777 3.750474 3.010989 2.462937 2.250790 9.361173 8.404258 7.458656 6.529284 5.624194 4.757263 3.953676 3.260607 2.762527 2.575181 9.436303 8.487863 7.552735 6.636551 5.748375 4.903449 4.128415 3.470420 3.007293 2.836161 9.495504 8.553630 7.626571 6.720460 5.845048 5.016432 4.261993 3.628304 3.188195 3.027307 9.533319 8.595590 7.673602 6.773785 5.906282 5.087648 4.345591 3.726146 3.299115 3.143909
 1.117117 2.061056 3.041044 4.030875 5.024734 6.020627 7.017688 8.015482 9.013765 0.000000 1.000000 2.000000 3.000000 4.000000 5.000000 6.000000 7.000000 8.000000 9.000000 0.497946 1.117117 2.061055 3.041044 4.030875 5.024734 6.020627 7.017688 8.015482 9.013764 0.983632 1.402687 2.228796 3.157140 4.119166 5.095835 6.080093 7.068772 8.060244 9.053592 1.445096 1.757356 2.467448 3.329910 4.253034 5.204642 6.171572 7.147608 8.129471 9.115278 1.870978 2.121452 2.738715 3.535613 4.415944 5.338591 6.284947 7.245727 8.215872 9.192419 2.250790 2.462937 3.010989 3.750474 4.589777 5.483252 6.408280 7.352962 8.310599 9.277179 2.575180 2.762527 3.260606 3.953676 4.757263 5.624194 6.529284 7.458656 8.404258 9.361173 2.836162 3.007293 3.470420 4.128415 4.903449 5.748375 6.636551 7.552736 8.487863 9.436303 3.027306 3.188194 3.628303 4.261993 5.016431 5.845048 6.720460 7.626571 8.553630 9.495503
 0.497947 1.117117 2.061056 3.041044 4.030875 5.024734 6.020627 7.017688 8.015482 1.000000 0.000000 1.000000 2.000000 3.000000 4.000000 5.000000 6.000000 7.000000 8.000000 1.117117 0.497946 1.117117 2.061055 3.041044 4.030875 5.024734 6.020627 7.017688 8.015482 1.402687 0.983632 1.402687 2.228796 3.157140 4.119166 5.095835 6.080093 7.068772 8.060244 1.757356 1.445096 1.757356 2.467448 3.329910 4.253034 5.204642 6.171572 7.147608 8.129471 2.121452 1.870978 2.121452 2.738715 3.535613 4.415944 5.338591 6.284947 7.245727 8.215872 2.462937 2.250790 2.462937 3.010989 3.750474 4.589777 5.483252 6.408280 7.352962 8.310599 2.762527 2.575180 2.762527 3.260606 3.953676 4.757263 5.624194 6.529284 7.458656 8.404258 3.007293 2.836162 3.007293 3.470420 4.128415 4.903449 5.748375 6.636551 7.552736 8.487863 3.188194 3.027306 3.188194 3.628303 4.261993 5.016431 5.845048 6.720460 7.626571 8.553630
 1.117117 0.497947 1.117117 2.061056 3.041044 4.030875 5.024734 6.020627 7.017688 2.000000 1.000000 0.000000 1.000000 2.000000 3.000000 4.000000 5.000000 6.000000 7.000000 2.061055 1.117117 0.497946 1.117117 2.061055 3.041044 4.030875 5.024734 6.020627 7.017688 2.228796 1.402687 0.983632 1.402687 2.228796 3.157140 4.119166 5.095835 6.080093 7.068772 2.467448 1.757356 1.445096 1.757356 2.467448 3.329910 4.253034 5.204642 6.171572 7.147608 2.738715 2.121452 1.870978 2.121452 2.738715 3.535613 4.415944 5.338591 6.284947 7.245727 3.010989 2.462937 2.250790 2.462937 3.010989 3.750474 4.589777 5.483252 6.408280 7.352962 3.260606 2.762527 2.575180 2.762527 3.260606 3.953676 4.757263 5.624194 6.529284 7.458656 3.470420 3.007293 2.836162 3.007293 3.470420 4.128415 4.903449 5.748375 6.636551 7.552736 3.628303 3.188194 3.027306 3.188194 3.628303 4.261993 5.016431 5.845048 6.720460 7.626571
 2.061056 1.117117 0.497947 1.117117 2.061056 3.041044 4.030875 5.024734 6.020627 3.000000 2.000000 1.000000 0.000000 1.000000 2.000000 3.000000 4.000000 5.000000 6.000000 3.041044 2.061055 1.117117 0.497946 1.117117 2.061055 3.041044 4.030875 5.024734 6.020627 3.157140 2.228796 1.402687 0.983632 1.402687 2.228796 3.157140 4.119166 5.095835 6.080093 3.329910 2.467448 1.757356 1.445096 1.757356 2.467448 3.329910 4.253034 5.204642 6.171572 3.535613 2.738715 2.121452 1.870978 2.121452 2.738715 3.535613 4.415944 5.338591 6.284947 3.750474 3.010989 2.462937 2.250790 2.462937 3.010989 3.750474 4.589777 5.483252 6.408280 3.953676 3.260606 2.762527 2.575180 2.762527 3.260606 3.953676 4.757263 5.624194 6.529284 4.128415 3.470420 3.007293 2.836162 3.007293 3.470420 4.128415 4.903449 5.748375 6.636551 4.261993 3.628303 3.188194 3.027306 3.188194 3.628303 4.261993 5.016431 5.845048 6.720460
 3.041044 2.061056 1.117117 0.497947 1.117117 2.061056 3.041044 4.030875 5.024734 4.000000 3.000000 2.000000 1.000000 0.000000 1.000000 2.000000 3.000000 4.000000 5.000000 4.030875 3.041044 2.061055 1.117117 0.497946 1.117117 2.061055 3.041044 4.030875 5.024734 4.119166 3.157140 2.228796 1.402687 0.983632 1.402687 2.228796 3.157140 4.119166 5.095835 4.253034 3.329910 2.467448 1.757356 1.445096 1.757356 2.467448 3.329910 4.253034 5.204642 4.415944 3.535613 2.738715 2.121452 1.870978 2.121452 2.738715 3.535613 4.415944 5.338591 4.589777 3.750474 3.010989 2.462937 2.250790 2.462937 3.010989 3.750474 4.589777 5.483252 4.757263 3.953676 3.260606 2.762527 2.575180 2.762527 3.260606 3.953676 4.757263 5.624194 4.903449 4.128415 3.470420 3.007293 2.836162 3.007293 3.470420 4.128415 4.903449 5.748375 5.016431 4.261993 3.628303 3.188194 3.027306 3.188194 3.628303 4.261993 5.016431 5.845048
 4.030875 3.041044 2.061056 1.117117 0.497947 1.117117 2.061056 3.041044 4.030875 5.000000 4.000000 3.000000 2.000000 1.000000 0.000000 1.000000 2.000000 3.000000 4.000000 5.024734 4.030875 3.041044 2.061055 1.117117 0.497946 1.117117 2.061055 3.041044 4.030875 5.095835 4.119166 3.157140 2.228796 1.402687 0.983632 1.402687 2.228796 3.157140 4.119166 5.204642 4.253034 3.329910 2.467448 1.757356 1.445096 1.757356 2.467448 3.329910 4.253034 5.338591 4.415944 3.535613 2.738715 2.121452 1.870978 2.121452 2.738715 3.535613 4.415944 5.483252 4.589777 3.750474 3.010989 2.462937 2.250790 2.462937 3.010989 3.750474 4.589777 5.624194 4.757263 3.953676 3.260606 2.762527 2.575180 2.762527 3.260606 3.953676 4.757263 5.748375 4.903449 4.128415 3.470420 3.007293 2.836162 3.007293 3.470420 4.128415 4.903449 5.845048 5.016431 4.261993 3.628303 3.188194 3.027306 3.188194 3.628303 4.261993 5.016431
 5.024734 4.030875 3.041044 2.061056 1.117117 0.497947 1.117117 2.061056 3.041044 6.000000 5.000000 4.000000 3.000000 2.000000 1.000000 0.000000 1.000000 2.000000 3.000000 6.020627 5.024734 4.030875 3.041044 2.061055 1.117117 0.497946 1.117117 2.061055 3.041044 6.080093 5.095835 4.119166 3.157140 2.228796 1.402687 0.983632 1.402687 2.228796 3.157140 6.171572 5.204642 4.253034 3.329910 2.467448 1.757356 1.445096 1.757356 2.467448 3.329910 6.284947 5.338591 4.415944 3.535613 2.738715 2.121452 1.870978 2.121452 2.738715 3.535613 6.408280 5.483252 4.589777 3.750474 3.010989 2.462937 2.250790 2.462937 3.010989 3.750474 6.529284 5.624194 4.757263 3.953676 3.260606 2.762527 2.575180 2.762527 3.260606 3.953676 6.636551 5.748375 4.903449 4.128415 3.470420 3.007293 2.836162 3.007293 3.470420 4.128415 6.720460 5.845048 5.016431 4.261993 3.628303 3.188194 3.027306 3.188194 3.628303 4.261993
 6.020627 5.024734 4.030875 3.041044 2.061056 1.117117 0.497947 1.117117 2.061056 7.000000 6.000000 5.000000 4.000000 3.000000 2.000000 1.000000 0.000000 1.000000 2.000000 7.017688 6.020627 5.024734 4.030875 3.041044 2.061055 1.117117 0.497946 1.117117 2.061055 7.068772 6.080093 5.095835 4.119166 3.157140 2.228796 1.402687 0.983632 1.402687 2.228796 7.147608 6.171572 5.204642 4.253034 3.329910 2.467448 1.757356 1.445096 1.757356 2.467448 7.245727 6.284947 5.338591 4.415944 3.535613 2.738715 2.121452 1.870978 2.121452 2.738715 7.352962 6.408280 5.483252 4.589777 3.750474 3.010989 2.462937 2.250790 2.462937 3.010989 7.458656 6.529284 5.624194 4.757263 3.953676 3.260606 2.762527 2.575180 2.762527 3.260606 7.552736 6.636551 5.748375 4.903449 4.128415 3.470420 3.007293 2.836162 3.007293 3.470420 7.626571 6.720460 5.845048 5.016431 4.261993 3.628303 3.188194 3.027306 3.188194 3.628303
 7.017688 6.020627 5.024734 4.030875 3.041044 2.061056 1.117117 0.497947 1.117117 8.000000 7.000000 6.000000 5.000000 4.000000 3.000000 2.000000 1.000000 0.000000 1.000000 8.015482 7.017688 6.020627 5.024734 4.030875 3.041044 2.061055 1.117117 0.497946 1.117117 8.060244 7.068772 6.080093 5.095835 4.119166 3.157140 2.228796 1.402687 0.983632 1.402687 8.129471 7.147608 6.171572 5.204642 4.253034 3.329910 2.467448 1.757356 1.445096 1.757356 8.215872 7.245727 6.284947 5.338591 4.415944 3.535613 2.738715 2.121452 1.870978 2.121452 8.310599 7.352962 6.408280 5.483252 4.589777 3.750474 3.010989 2.462937 2.250790 2.462937 8.404258 7.458656 6.529284 5.624194 4.757263 3.953676 3.260606 2.762527 2.575180 2.762527 8.487863 7.552736 6.636551 5.748375 4.903449 4.128415 3.470420 3.007293 2.836162 3.007293 8.553630 7.626571 6.720460 5.845048 5.016431 4.261993 3.628303 3.188194 3.027306 3.188194
 8.015482 7.017688 6.020627 5.024734 4.030875 3.041044 2.061056 1.117117 0.497947 9.000000 8.000000 7.000000 6.000000 5.000000 4.000000 3.000000 2.000000 1.000000 0.000000 9.013764 8.015482 7.017688 6.020627 5.024734 4.030875 3.041044 2.061055 1.117117 0.497946 9.053592 8.060244 7.068772 6.080093 5.095835 4.119166 3.157140 2.228796 1.402687 0.983632 9.115278 8.129471 7.147608 6.171572 5.204642 4.253034 3.329910 2.467448 1.757356 1.445096 9.192419 8.215872 7.245727 6.284947 5.338591 4.415944 3.535613 2.738715 2.121452 1.870978 9.277179 8.310599 7.352962 6.408280 5.483252 4.589777 3.750474 3.010989 2.462937 2.250790 9.361173 8.404258 7.458656 6.529284 5.624194 4.757263 3.953676 3.260606 2.762527 2.575180 9.436303 8.487863 7.552736 6.636551 5.748375 4.903449 4.128415 3.470420 3.007293 2.836162 9.495503 8.553630 7.626571 6.720460 5.845048 5.016431 4.261993 3.628303 3.188194 3.027306
 1.402687 2.228796 3.157140 4.119166 5.095835 6.080093 7.068771 8.060244 9.053592 0.497946 1.117117 2.061055 3.041044 4.030875 5.024734 6.020627 7.017688 8.015482 9.013764 0.000000 1.000000 2.000000 3.000000 4.000000 5.000000 6.000000 7.000000 8.000000 9.000000 0.497947 1.117118 2.061056 3.041044 4.030875 5.024734 6.020627 7.017688 8.015482 9.013765 0.983632 1.402687 2.228796 3.157140 4.119166 5.095835 6.080093 7.068772 8.060244 9.053592 1.445097 1.757357 2.467449 3.329911 4.253035 5.204643 6.171572 7.147608 8.129471 9.115279 1.870979 2.121453 2.738716 3.535614 4.415944 5.338592 6.284947 7.245727 8.215873 9.192419 2.250791 2.462937 3.010990 3.750475 4.589778 5.483253 6.408281 7.352963 8.310599 9.277180 2.575182 2.762528 3.260608 3.953677 4.757264 5.624194 6.529285 7.458657 8.404259 9.361173 2.836162 3.007293 3.470420 4.128415 4.903449 5.748375 6.636551 7.552736 8.487863 9.436303
 0.983631 1.402687 2.228796 3.157140 4.119166 5.095835 6.080093 7.068771 8.060244 1.117117 0.497946 1.117117 2.061055 3.041044 4.030875 5.024734 6.020627 7.017688 8.015482 1.000000 0.000000 1.000000 2.000000 3.000000 4.000000 5.000000 6.000000 7.000000 8.000000 1.117118 0.497947 1.117118 2.061056 3.041044 4.030875 5.024734 6.020627 7.017688 8.015482 1.402687 0.983632 1.402687 2.228796 3.157140 4.119166 5.095835 6.080093 7.068772 8.060244 1.757357 1.445097 1.757357 2.467449 3.329911 4.253035 5.204643 6.171572 7.147608 8.129471 2.121453 1.870979 2.121453 2.738716 3.535614 4.415944 5.338592 6.284947 7.245727 8.215873 2.462937 2.250791 2.462937 3.010990 3.750475 4.589778 5.483253 6.408281 7.352963 8.310599 2.762528 2.575182 2.762528 3.260608 3.953677 4.757264 5.624194 6.529285 7.458657 8.404259 3.007293 2.836162 3.007293 3.470420 4.128415 4.903449 5.748375 6.636551 7.552736 8.487863
 1.402687 0.983631 1.402687 2.228796 3.157140 4.119166 5.095835 6.080093 7.068771 2.061055 1.117117 0.497946 1.117117 2.061055 3.041044 4.030875 5.024734 6.020627 7.017688 2.000000 1.000000 0.000000 1.000000 2.000000 3.000000 4.000000 5.000000 6.000000 7.000000 2.061056 1.117118 0.497947 1.117118 2.061056 3.041044 4.030875 5.024734 6.020627 7.017688 2.228796 1.402687 0.983632 1.402687 2.228796 3.157140 4.119166 5.095835 6.080093 7.068772 2.467449 1.757357 1.445097 1.757357 2.467449 3.329911 4.253035 5.204643 6.171572 7.147608 2.738716 2.121453 1.870979 2.121453 2.738716 3.535614 4.415944 5.338592 6.284947 7.245727 3.010990 2.462937 2.250791 2.462937 3.010990 3.750475 4.589778 5.483253 6.408281 7.352963 3.260608 2.762528 2.575182 2.762528 3.260608 3.953677 4.757264 5.624194 6.529285 7.458657 3.470420 3.007293 2.836162 3.007293 3.470420 4.128415 4.903449 5.748375 6.636551 7.552736
 2.228796 1.402687 0.983631 1.402687 2.228796 3.157140 4.119166 5.095835 6.080093 3.041044 2.061055 1.117117 0.497946 1.117117 2.061055 3.041044 4.030875 5.024734 6.020627 3.000000 2.000000 1.000000 0.000000 1.000000 2.000000 3.000000 4.000000 5.000000 6.000000 3.041044 2.061056 1.117118 0.497947 1.117118 2.061056 3.041044 4.030875 5.024734 6.020627 3.157140 2.228796 1.402687 0.983632 1.402687 2.228796 3.157140 4.119166 5.095835 6.080093 3.329911 2.467449 1.757357 1.445097 1.757357 2.467449 3.329911 4.253035 5.204643 6.171572 3.535614 2.738716 2.121453 1.870979 2.121453 2.738716 3.535614 4.415944 5.338592 6.284947 3.750475 3.010990 2.462937 2.250791 2.462937 3.010990 3.750475 4.589778 5.483253 6.408281 3.953677 3.260608 2.762528 2.575182 2.762528 3.260608 3.953677 4.757264 5.624194 6.529285 4.128415 3.470420 3.007293 2.836162 3.007293 3.470420 4.128415 4.903449 5.748375 6.636551
 3.157140 2.228796 1.402687 0.983631 1.402687 2.228796 3.157140 4.119166 5.095835 4.030875 3.041044 2.061055 1.117117 0.497946 1.117117 2.061055 3.041044 4.030875 5.024734 4.000000 3.000000 2.000000 1.000000 0.000000 1.000000 2.000000 3.000000 4.000000 5.000000 4.030875 3.041044 2.061056 1.117118 0.497947 1.117118 2.061056 3.041044 4.030875 5.024734 4.119166 3.157140 2.228796 1.402687 0.983632 1.402687 2.228796 3.157140 4.119166 5.095835 4.253035 3.329911 2.467449 1.757357 1.445097 1.757357 2.467449 3.329911 4.253035 5.204643 4.415944 3.535614 2.738716 2.121453 1.870979 2.121453 2.738716 3.535614 4.415944 5.338592 4.589778 3.750475 3.010990 2.462937 2.250791 2.462937 3.010990 3.750475 4.589778 5.483253 4.757264 3.953677 3.260608 2.762528 2.575182 2.762528 3.260608 3.953677 4.757264 5.624194 4.903449 4.128415 3.470420 3.007293 2.836162 3.007293 3.470420 4.128415 4.903449 5.748375
 4.119166 3.157140 2.228796 1.402687 0.983631 1.402687 2.228796 3.157140 4.119166 5.024734 4.030875 3.041044 2.061055 1.117117 0.497946 1.117117 2.061055 3.041044 4.030875 5.000000 4.000000 3.000000 2.000000 1.000000 0.000000 1.000000 2.000000 3.000000 4.000000 5.024734 4.030875 3.041044 2.061056 1.117118 0.497947 1.117118 2.061056 3.041044 4.030875 5.095835 4.119166 3.157140 2.228796 1.402687 0.983632 1.402687 2.228796 3.157140 4.119166 5.204643 4.253035 3.329911 2.467449 1.757357 1.445097 1.757357 2.467449 3.329911 4.253035 5.338592 4.415944 3.535614 2.738716 2.121453 1.870979 2.121453 2.738716 3.535614 4.415944 5.483253 4.589778 3.750475 3.010990 2.462937 2.250791 2.462937 3.010990 3.750475 4.589778 5.624194 4.757264 3.953677 3.260608 2.762528 2.575182 2.762528 3.260608 3.953677 4.757264 5.748375 4.903449 4.128415 3.470420 3.007293 2.836162 3.007293 3.470420 4.128415 4.903449
 5.095835 4.119166 3.157140 2.228796 1.402687 0.983631 1.402687 2.228796 3.157140 6.020627 5.024734 4.030875 3.041044 2.061055 1.117117 0.497946 1.117117 2.061055 3.041044 6.000000 5.000000 4.000000 3.000000 2.000000 1.000000 0.000000 1.000000 2.000000 3.000000 6.020627 5.024734 4.030875 3.041044 2.061056 1.117118 0.497947 1.117118 2.061056 3.041044 6.080093 5.095835 4.119166 3.157140 2.228796 1.402687 0.983632 1.402687 2.228796 3.157140 6.171572 5.204643 4.253035 3.329911 2.467449 1.757357 1.445097 1.757357 2.467449 3.329911 6.284947 5.338592 4.415944 3.535614 2.738716 2.121453 1.870979 2.121453 2.738716 3.535614 6.408281 5.483253 4.589778 3.750475 3.010990 2.462937 2.250791 2.462937 3.010990 3.750475 6.529285 5.624194 4.757264 3.953677 3.260608 2.762528 2.575182 2.762528 3.260608 3.953677 6.636551 5.748375 4.903449 4.128415 3.470420 3.007293 2.836162 3.007293 3.470420 4.128415
 6.080093 5.095835 4.119166 3.157140 2.228796 1.402687 0.983631 1.402687 2.228796 7.017688 6.020627 5.024734 4.030875 3.041044 2.061055 1.117117 0.497946 1.117117 2.061055 7.000000 6.000000 5.000000 4.000000 3.000000 2.000000 1.000000 0.000000 1.000000 2.000000 7.017688 6.020627 5.024734 4.030875 3.041044 2.061056 1.117118 0.497947 1.117118 2.061056 7.068772 6.080093 5.095835 4.119166 3.157140 2.228796 1.402687 0.983632 1.402687 2.228796 7.147608 6.171572 5.204643 4.253035 3.329911 2.467449 1.757357 1.445097 1.757357 2.467449 7.245727 6.284947 5.338592 4.415944 3.535614 2.738716 2.121453 1.870979 2.121453 2.738716 7.352963 6.408281 5.483253 4.589778 3.750475 3.010990 2.462937 2.250791 2.462937 3.010990 7.458657 6.529285 5.624194 4.757264 3.953677 3.260608 2.762528 2.575182 2.762528 3.260608 7.552736 6.636551 5.748375 4.903449 4.128415 3.470420 3.007293 2.836162 3.007293 3.470420
 7.068771 6.080093 5.095835 4.119166 3.157140 2.228796 1.402687 0.983631 1.402687 8.015482 7.017688 6.020627 5.024734 4.030875 3.041044 2.061055 1.117117 0.497946 1.117117 8.000000 7.000000 6.000000 5.000000 4.000000 3.000000 2.000000 1.000000 0.000000 1.000000 8.015482 7.017688 6.020627 5.024734 4.030875 3.041044 2.061056 1.117118 0.497947 1.117118 8.060244 7.068772 6.080093 5.095835 4.119166 3.157140 2.228796 1.402687 0.983632 1.402687 8.129471 7.147608 6.171572 5.204643 4.253035 3.329911 2.467449 1.757357 1.445097 1.757357 8.215873 7.245727 6.284947 5.338592 4.415944 3.535614 2.738716 2.121453 1.870979 2.121453 8.310599 7.352963 6.408281 5.483253 4.589778 3.750475 3.010990 2.462937 2.250791 2.462937 8.404259 7.458657 6.529285 5.624194 4.757264 3.953677 3.260608 2.762528 2.575182 2.762528 8.487863 7.552736 6.636551 5.748375 4.903449 4.128415 3.470420 3.007293 2.836162 3.007293
 8.060244 7.068771 6.080093 5.095835 4.119166 3.157140 2.228796 1.402687 0.983631 9.013764 8.015482 7.017688 6.020627 5.024734 4.030875 3.041044 2.061055 1.117117 0.497946 9.000000 8.000000 7.000000 6.000000 5.000000 4.000000 3.000000 2.000000 1.000000 0.000000 9.013765 8.015482 7.017688 6.020627 5.024734 4.030875 3.041044 2.061056 1.117118 0.497947 9.053592 8.060244 7.068772 6.080093 5.095835 4.119166 3.157140 2.228796 1.402687 0.983632 9.115279 8.129471 7.147608 6.171572 5.204643 4.253035 3.329911 2.467449 1.757357 1.445097 9.192419 8.215873 7.245727 6.284947 5.338592 4.415944 3.535614 2.738716 2.121453 1.870979 9.277180 8.310599 7.352963 6.408281 5.483253 4.589778 3.750475 3.010990 2.462937 2.250791 9.361173 8.404259 7.458657 6.529285 5.624194 4.757264 3.953677 3.260608 2.762528 2.575182 9.436303 8.487863 7.552736 6.636551 5.748375 4.903449 4.128415 3.470420 3.007293 2.836162
 1.757357 2.467449 3.329911 4.253035 5.204643 6.171572 7.147608 8.129471 9.115279 0.983632 1.402687 2.228796 3.157140 4.119166 5.095835 6.080093 7.068772 8.060244 9.053592 0.497947 1.117118 2.061056 3.041044 4.030875 5.024734 6.020627 7.017688 8.015482 9.013765 0.000000 1.000000 2.000000 3.000000 4.000000 5.000000 6.000000 7.000000 8.000000 9.000000 0.497946 1.117117 2.061055 3.041044 4.030875 5.024734 6.020627 7.017688 8.015482 9.013764 0.983631 1.402687 2.228796 3.157140 4.119166 5.095835 6.080093 7.068771 8.060244 9.053592 1.445096 1.757357 2.467449 3.329910 4.253035 5.204643 6.171572 7.147608 8.129471 9.115279 1.870978 2.121452 2.738715 3.535613 4.415944 5.338591 6.284947 7.245727 8.215872 9.192419 2.250791 2.462937 3.010990 3.750475 4.589778 5.483253 6.408281 7.352963 8.310599 9.277180 2.575180 2.762527 3.260606 3.953676 4.757263 5.624194 6.529284 7.458656 8.404258 9.361173
 1.445097 1.757357 2.467449 3.329911 4.253035 5.204643 6.171572 7.147608 8.129471 1.402687 0.983632 1.402687 2.228796 3.157140 4.119166 5.095835 6.080093 7.068772 8.060244 1.117118 0.497947 1.117118 2.061056 3.041044 4.030875 5.024734 6.020627 7.017688 8.015482 1.000000 0.000000 1.000000 2.000000 3.000000 4.000000 5.000000 6.000000 7.000000 8.000000 1.117117 0.497946 1.117117 2.061055 3.041044 4.030875 5.024734 6.020627 7.017688 8.015482 1.402687 0.983631 1.402687 2.228796 3.157140 4.119166 5.095835 6.080093 7.068771 8.060244 1.757357 1.445096 1.757357 2.467449 3.329910 4.253035 5.204643 6.171572 7.147608 8.129471 2.121452 1.870978 2.121452 2.738715 3.535613 4.415944 5.338591 6.284947 7.245727 8.215872 2.462937 2.250791 2.462937 3.010990 3.750475 4.589778 5.483253 6.408281 7.352963 8.310599 2.762527 2.575180 2.762527 3.260606 3.953676 4.757263 5.624194 6.529284 7.458656 8.404258
 1.757357 1.445097 1.757357 2.467449 3.329911 4.253035 5.204643 6.171572 7.147608 2.228796 1.402687 0.983632 1.402687 2.228796 3.157140 4.119166 5.095835 6.080093 7.068772 2.061056 1.117118 0.497947 1.117118 2.061056 3.041044 4.030875 5.024734 6.020627 7.017688 2.000000 1.000000 0.000000 1.000000 2.000000 3.000000 4.000000 5.000000 6.000000 7.000000 2.061055 1.117117 0.497946 1.117117 2.061055 3.041044 4.030875 5.024734 6.020627 7.017688 2.228796 1.402687 0.983631 1.402687 2.228796 3.157140 4.119166 5.095835 6.080093 7.068771 2.467449 1.757357 1.445096 1.757357 2.467449 3.329910 4.253035 5.204643 6.171572 7.147608 2.738715 2.121452 1.870978 2.121452 2.738715 3.535613 4.415944 5.338591 6.284947 7.245727 3.010990 2.462937 2.250791 2.462937 3.010990 3.750475 4.589778 5.483253 6.408281 7.352963 3.260606 2.762527 2.575180 2.762527 3.260606 3.953676 4.757263 5.624194 6.529284 7.458656
 2.467449 1.757357 1.445097 1.757357 2.467449 3.329911 4.253035 5.204643 6.171572 3.157140 2.228796 1.402687 0.983632 1.402687 2.228796 3.157140 4.119166 5.095835 6.080093 3.041044 2.061056 1.117118 0.497947 1.117118 2.061056 3.041044 4.030875 5.024734 6.020627 3.000000 2.000000 1.000000 0.000000 1.000000 2.000000 3.000000 4.000000 5.000000 6.000000 3.041044 2.061055 1.117117 0.497946 1.117117 2.061055 3.041044 4.030875 5.024734 6.020627 3.157140 2.228796 1.402687 0.983631 1.402687 2.228796 3.157140 4.119166 5.095835 6.080093 3.329910 2.467449 1.757357 1.445096 1.757357 2.467449 3.329910 4.253035 5.204643 6.171572 3.535613 2.738715 2.121452 1.870978 2.121452 2.738715 3.535613 4.415944 5.338591 6.284947 3.750475 3.010990 2.462937 2.250791 2.462937 3.010990 3.750475 4.589778 5.483253 6.408281 3.953676 3.260606 2.762527 2.575180 2.762527 3.260606 3.953676 4.757263 5.624194 6.529284
 3.329911 2.467449 1.757357 1.445097 1.757357 2.467449 3.329911 4.253035 5.204643 4.119166 3.157140 2.228796 1.402687 0.983632 1.402687 2.228796 3.157140 4.119166 5.095835 4.030875 3.041044 2.061056 1.117118 0.497947 1.117118 2.061056 3.041044 4.030875 5.024734 4.000000 3.000000 2.000000 1.000000 0.000000 1.000000 2.000000 3.000000 4.000000 5.000000 4.030875 3.041044 2.061055 1.117117 0.497946 1.117117 2.061055 3.041044 4.030875 5.024734 4.119166 3.157140 2.228796 1.402687 0.983631 1.402687 2.228796 3.157140 4.119166 5.095835 4.253035 3.329910 2.467449 1.757357 1.445096 1.757357 2.467449 3.329910 4.253035 5.204643 4.415944 3.535613 2.738715 2.121452 1.870978 2.121452 2.738715 3.535613 4.415944 5.338591 4.589778 3.750475 3.010990 2.462937 2.250791 2.462937 3.010990 3.750475 4.589778 5.483253 4.757263 3.953676 3.260606 2.762527 2.575180 2.762527 3.260606 3.953676 4.757263 5.624194
 4.253035 3.329911 2.467449 1.757357 1.445097 1.757357 2.467449 3.329911 4.253035 5.095835 4.119166 3.157140 2.228796 1.402687 0.983632 1.402687 2.228796 3.157140 4.119166 5.024734 4.030875 3.041044 2.061056 1.117118 0.497947 1.117118 2.061056 3.041044 4.030875 5.000000 4.000000 3.000000 2.000000 1.000000 0.000000 1.000000 2.000000 3.000000 4.000000 5.024734 4.030875 3.041044 2.061055 1.117117 0.497946 1.117117 2.061055 3.041044 4.030875 5.095835 4.119166 3.157140 2.228796 1.402687 0.983631 1.402687 2.228796 3.157140 4.119166 5.204643 4.253035 3.329910 2.467449 1.757357 1.445096 1.757357 2.467449 3.329910 4.253035 5.338591 4.415944 3.535613 2.738715 2.121452 1.870978 2.121452 2.738715 3.535613 4.415944 5.483253 4.589778 3.750475 3.010990 2.462937 2.250791 2.462937 3.010990 3.750475 4.589778 5.624194 4.757263 3.953676 3.260606 2.762527 2.575180 2.762527 3.260606 3.953676 4.757263
 5.204643 4.253035 3.329911 2.467449 1.757357 1.445097 1.757357 2.467449 3.329911 6.080093 5.095835 4.119166 3.157140 2.228796 1.402687 0.983632 1.402687 2.228796 3.157140 6.020627 5.024734 4.030875 3.041044 2.061056 1.117118 0.497947 1.117118 2.061056 3.041044 6.000000 5.000000 4.000000 3.000000 2.000000 1.000000 0.000000 1.000000 2.000000 3.000000 6.020627 5.024734 4.030875 3.041044 2.061055 1.117117 0.497946 1.117117 2.061055 3.041044 6.080093 5.095835 4.119166 3.157140 2.228796 1.402687 0.983631 1.402687 2.228796 3.157140 6.171572 5.204643 4.253035 3.329910 2.467449 1.757357 1.445096 1.757357 2.467449 3.329910 6.284947 5.338591 4.415944 3.535613 2.738715 2.121452 1.870978 2.121452 2.738715 3.535613 6.408281 5.483253 4.589778 3.750475 3.010990 2.462937 2.250791 2.462937 3.010990 3.750475 6.529284 5.624194 4.757263 3.953676 3.260606 2.762527 2.575180 2.762527 3.260606 3.953676
 6.171572 5.204643 4.253035 3.329911 2.467449 1.757357 1.445097 1.757357 2.467449 7.068772 6.080093 5.095835 4.119166 3.157140 2.228796 1.402687 0.983632 1.402687 2.228796 7.017688 6.020627 5.024734 4.030875 3.041044 2.061056 1.117118 0.497947 1.117118 2.061056 7.000000 6.000000 5.000000 4.000000 3.000000 2.000000 1.000000 0.000000 1.000000 2.000000 7.017688 6.020627 5.024734 4.030875 3.041044 2.061055 1.117117 0.497946 1.117117 2.061055 7.068771 6.080093 5.095835 4.119166 3.157140 2.228796 1.402687 0.983631 1.402687 2.228796 7.147608 6.171572 5.204643 4.253035 3.329910 2.467449 1.757357 1.445096 1.757357 2.467449 7.245727 6.284947 5.338591 4.415944 3.535613 2.738715 2.121452 1.870978 2.121452 2.738715 7.352963 6.408281 5.483253 4.589778 3.750475 3.010990 2.462937 2.250791 2.462937 3.010990 7.458656 6.529284 5.624194 4.757263 3.953676 3.260606 2.762527 2.575180 2.762527 3.260606
 7.147608 6.171572 5.204643 4.253035 3.329911 2.467449 1.757357 1.445097 1.757357 8.060244 7.068772 6.080093 5.095835 4.119166 3.157140 2.228796 1.402687 0.983632 1.402687 8.015482 7.017688 6.020627 5.024734 4.030875 3.041044 2.061056 1.117118 0.497947 1.117118 8.000000 7.000000 6.000000 5.000000 4.000000 3.000000 2.000000 1.000000 0.000000 1.000000 8.015482 7.017688 6.020627 5.024734 4.030875 3.041044 2.061055 1.117117 0.497946 1.117117 8.060244 7.068771 6.080093 5.095835 4.119166 3.157140 2.228796 1.402687 0.983631 1.402687 8.129471 7.147608 6.171572 5.204643 4.253035 3.329910 2.467449 1.757357 1.445096 1.757357 8.215872 7.245727 6.284947 5.338591 4.415944 3.535613 2.738715 2.121452 1.870978 2.121452 8.310599 7.352963 6.408281 5.483253 4.589778 3.750475 3.010990 2.462937 2.250791 2.462937 8.404258 7.458656 6.529284 5.624194 4.757263 3.953676 3.260606 2.762527 2.575180 2.762527
 8.129471 7.147608 6.171572 5.204643 4.253035 3.329911 2.467449 1.757357 1.445097 9.053592 8.060244 7.068772 6.080093 5.095835 4.119166 3.157140 2.228796 1.402687 0.983632 9.013765 8.015482 7.017688 6.020627 5.024734 4.030875 3.041044 2.061056 1.117118 0.497947 9.000000 8.000000 7.000000 6.000000 5.000000 4.000000 3.000000 2.000000 1.000000 0.000000 9.013764 8.015482 7.017688 6.020627 5.024734 4.030875 3.041044 2.061055 1.117117 0.497946 9.053592 8.060244 7.068771 6.080093 5.095835 4.119166 3.157140 2.228796 1.402687 0.983631 9.115279 8.129471 7.147608 6.171572 5.204643 4.253035 3.329910 2.467449 1.757357 1.445096 9.192419 8.215872 7.245727 6.284947 5.338591 4.415944 3.535613 2.738715 2.121452 1.870978 9.277180 8.310599 7.352963 6.408281 5.483253 4.589778 3.750475 3.010990 2.462937 2.250791 9.361173 8.404258 7.458656 6.529284 5.624194 4.757263 3.953676 3.260606 2.762527 2.575180
 2.121452 2.738715 3.535613 4.415944 5.338591 6.284947 7.245727 8.215872 9.192419 1.445096 1.757356 2.467448 3.329910 4.253034 5.204642 6.171572 7.147608 8.129471 9.115278 0.983632 1.402687 2.228796 3.157140 4.119166 5.095835 6.080093 7.068772 8.060244 9.053592 0.497946 1.117117 2.061055 3.041044 4.030875 5.024734 6.020627 7.017688 8.015482 9.013764 0.000000 1.000000 2.000000 3.000000 4.000000 5.000000 6.000000 7.000000 8.000000 9.000000 0.497947 1.117117 2.061056 3.041044 4.030875 5.024734 6.020627 7.017688 8.015482 9.013765 0.983632 1.402687 2.228796 3.157140 4.119166 5.095835 6.080093 7.068772 8.060244 9.053592 1.445096 1.757357 2.467449 3.329910 4.253035 5.204643 6.171572 7.147608 8.129471 9.115279 1.870979 2.121453 2.738716 3.535614 4.415944 5.338592 6.284947 7.245727 8.215873 9.192419 2.250790 2.462937 3.010989 3.750474 4.589777 5.483252 6.408280 7.352962 8.310599 9.277179
 1.870978 2.121452 2.738715 3.535613 4.415944 5.338591 6.284947 7.245727 8.215872 1.757356 1.445096 1.757356 2.467448 3.329910 4.253034 5.204642 6.171572 7.147608 8.129471 1.402687 0.983632 1.402687 2.228796 3.157140 4.119166 5.095835 6.080093 7.068772 8.060244 1.117117 0.497946 1.117117 2.061055 3.041044 4.030875 5.024734 6.020627 7.017688 8.015482 1.000000 0.000000 1.000000 2.000000 3.000000 4.000000 5.000000 6.000000 7.000000 8.000000 1.117117 0.497947 1.117117 2.061056 3.041044 4.030875 5.024734 6.020627 7.017688 8.015482 1.402687 0.983632 1.402687 2.228796 3.157140 4.119166 5.095835 6.080093 7.068772 8.060244 1.757357 1.445096 1.757357 2.467449 3.329910 4.253035 5.204643 6.171572 7.147608 8.129471 2.121453 1.870979 2.121453 2.738716 3.535614 4.415944 5.338592 6.284947 7.245727 8.215873 2.462937 2.250790 2.462937 3.010989 3.750474 4.589777 5.483252 6.408280 7.352962 8.310599
 2.121452 1.870978 2.121452 2.738715 3.535613 4.415944 5.338591 6.284947 7.245727 2.467448 1.757356 1.445096 1.757356 2.467448 3.329910 4.253034 5.204642 6.171572 7.147608 2.228796 1.402687 0.983632 1.402687 2.228796 3.157140 4.119166 5.095835 6.080093 7.068772 2.061055 1.117117 0.497946 1.117117 2.061055 3.041044 4.030875 5.024734 6.020627 7.017688 2.000000 1.000000 0.000000 1.000000 2.000000 3.000000 4.000000 5.000000 6.000000 7.000000 2.061056 1.117117 0.497947 1.117117 2.061056 3.041044 4.030875 5.024734 6.020627 7.017688 2.228796 1.402687 0.983632 1.402687 2.228796 3.157140 4.119166 5.095835 6.080093 7.068772 2.467449 1.757357 1.445096 1.757357 2.467449 3.329910 4.253035 5.204643 6.171572 7.147608 2.738716 2.121453 1.870979 2.121453 2.738716 3.535614 4.415944 5.338592 6.284947 7.245727 3.010989 2.462937 2.250790 2.462937 3.010989 3.750474 4.589777 5.483252 6.408280 7.352962
 2.738715 2.121452 1.870978 2.121452 2.738715 3.535613 4.415944 5.338591 6.284947 3.329910 2.467448 1.757356 1.445096 1.757356 2.467448 3.329910 4.253034 5.204642 6.171572 3.157140 2.228796 1.402687 0.983632 1.402687 2.228796 3.157140 4.119166 5.095835 6.080093 3.041044 2.061055 1.117117 0.497946 1.117117 2.061055 3.041044 4.030875 5.024734 6.020627 3.000000 2.000000 1.000000 0.000000 1.000000 2.000000 3.000000 4.000000 5.000000 6.000000 3.041044 2.061056 1.117117 0.497947 1.117117 2.061056 3.041044 4.030875 5.024734 6.020627 3.157140 2.228796 1.402687 0.983632 1.402687 2.228796 3.157140 4.119166 5.095835 6.080093 3.329910 2.467449 1.757357 1.445096 1.757357 2.467449 3.329910 4.253035 5.204643 6.171572 3.535614 2.738716 2.121453 1.870979 2.121453 2.738716 3.535614 4.415944 5.338592 6.284947 3.750474 3.010989 2.462937 2.250790 2.462937 3.010989 3.750474 4.589777 5.483252 6.408280
 3.535613 2.738715 2.121452 1.870978 2.121452 2.738715 3.535613 4.415944 5.338591 4.253034 3.329910 2.467448 1.757356 1.445096 1.757356 2.467448 3.329910 4.253034 5.204642 4.119166 3.157140 2.228796 1.402687 0.983632 1.402687 2.228796 3.157140 4.119166 5.095835 4.030875 3.041044 2.061055 1.117117 0.497946 1.117117 2.061055 3.041044 4.030875 5.024734 4.000000 3.000000 2.000000 1.000000 0.000000 1.000000 2.000000 3.000000 4.000000 5.000000 4.030875 3.041044 2.061056 1.117117 0.497947 1.117117 2.061056 3.041044 4.030875 5.024734 4.119166 3.157140 2.228796 1.402687 0.983632 1.402687 2.228796 3.157140 4.119166 5.095835 4.253035 3.329910 2.467449 1.757357 1.445096 1.757357 2.467449 3.329910 4.253035 5.204643 4.415944 3.535614 2.738716 2.121453 1.870979 2.121453 2.738716 3.535614 4.415944 5.338592 4.589777 3.750474 3.010989 2.462937 2.250790 2.462937 3.010989 3.750474 4.589777 5.483252
