#! FIELDS time parameter p1.x p1.y p1.z p1n.x p1n.y p1n.z
 0.000000 0  0.00000  2.44705  0.80805  0.00000  2.44705  0.80805
 0.000000 1 -2.44705  0.00000  0.02851 -2.44705  0.00000  0.02851
 0.000000 2 -0.80805 -0.02851  0.00000 -0.80805 -0.02851  0.00000
 0.000000 3  0.00000 -2.44705 -0.80805  0.00000 -2.44705 -0.80805
 0.000000 4  2.44705  0.00000 -0.02851  2.44705  0.00000 -0.02851
 0.000000 5  0.80805  0.02851  0.00000  0.80805  0.02851  0.00000
 0.000000 6  0.00000  1.64577 -0.05614  0.00000  1.64577 -0.05614
 0.000000 7 -1.64577  0.00000 -0.05161 -1.64577  0.00000 -0.05161
 0.000000 8  0.05614  0.05161  0.00000  0.05614  0.05161  0.00000
 0.000000 9  0.00000 -1.64577  0.05614  0.00000 -1.64577  0.05614
 0.000000 10  1.64577  0.00000  0.05161  1.64577  0.00000  0.05161
 0.000000 11 -0.05614 -0.05161  0.00000 -0.05614 -0.05161  0.00000
 0.000000 12  0.00000 -0.17322 -0.04011 -0.00000 -0.17322 -0.04011
 0.000000 13  0.17322  0.00000  0.00000  0.17322  0.00000  0.00000
 0.000000 14  0.04011  0.00000  0.00000  0.04011 -0.00000  0.00000
 0.000000 15  0.00000  1.46726  0.00000 -0.00000  1.46726 -0.00000
 0.000000 16 -1.46726  0.00000 -0.04011 -1.46726  0.00000 -0.04011
 0.000000 17  0.00000  0.04011  0.00000 -0.00000  0.04011  0.00000
 0.000000 18  0.00000  0.00000  1.46726 -0.00000 -0.00000  1.46726
 0.000000 19  0.00000  0.00000  0.17322 -0.00000  0.00000  0.17322
 0.000000 20 -1.46726 -0.17322  0.00000 -1.46726 -0.17322  0.00000
 0.050000 0  0.00000  2.40244  0.78108  0.00000  2.40244  0.78108
 0.050000 1 -2.40244  0.00000  0.02046 -2.40244  0.00000  0.02046
 0.050000 2 -0.78108 -0.02046  0.00000 -0.78108 -0.02046  0.00000
 0.050000 3  0.00000 -2.40244 -0.78108  0.00000 -2.40244 -0.78108
 0.050000 4  2.40244  0.00000 -0.02046  2.40244  0.00000 -0.02046
 0.050000 5  0.78108  0.02046  0.00000  0.78108  0.02046  0.00000
 0.050000 6  0.00000  1.64198 -0.09163  0.00000  1.64198 -0.09163
 0.050000 7 -1.64198  0.00000 -0.10765 -1.64198  0.00000 -0.10765
 0.050000 8  0.09163  0.10765  0.00000  0.09163  0.10765  0.00000
 0.050000 9  0.00000 -1.64198  0.09163  0.00000 -1.64198  0.09163
 0.050000 10  1.64198  0.00000  0.10765  1.64198  0.00000  0.10765
 0.050000 11 -0.09163 -0.10765  0.00000 -0.09163 -0.10765  0.00000
 0.050000 12  0.00000 -0.29224 -0.08221  0.00000 -0.29224 -0.08221
 0.050000 13  0.29224  0.00000  0.00000  0.29224 -0.00000 -0.00000
 0.050000 14  0.08221  0.00000  0.00000  0.08221 -0.00000 -0.00000
 0.050000 15  0.00000  1.50265  0.00000  0.00000  1.50265  0.00000
 0.050000 16 -1.50265  0.00000 -0.08221 -1.50265 -0.00000 -0.08221
 0.050000 17  0.00000  0.08221  0.00000  0.00000  0.08221 -0.00000
 0.050000 18  0.00000  0.00000  1.50265  0.00000 -0.00000  1.50265
 0.050000 19  0.00000  0.00000  0.29224  0.00000 -0.00000  0.29224
 0.050000 20 -1.50265 -0.29224  0.00000 -1.50265 -0.29224 -0.00000
 0.100000 0  0.00000  2.40342  0.74357  0.00000  2.40342  0.74357
 0.100000 1 -2.40342  0.00000  0.00469 -2.40342  0.00000  0.00469
 0.100000 2 -0.74357 -0.00469  0.00000 -0.74357 -0.00469  0.00000
 0.100000 3  0.00000 -2.40342 -0.74357  0.00000 -2.40342 -0.74357
 0.100000 4  2.40342  0.00000 -0.00469  2.40342  0.00000 -0.00469
 0.100000 5  0.74357  0.00469  0.00000  0.74357  0.00469  0.00000
 0.100000 6  0.00000  1.62939 -0.10927  0.00000  1.62939 -0.10927
 0.100000 7 -1.62939  0.00000 -0.16810 -1.62939  0.00000 -0.16810
 0.100000 8  0.10927  0.16810  0.00000  0.10927  0.16810  0.00000
 0.100000 9  0.00000 -1.62939  0.10927  0.00000 -1.62939  0.10927
 0.100000 10  1.62939  0.00000  0.16810  1.62939  0.00000  0.16810
 0.100000 11 -0.10927 -0.16810  0.00000 -0.10927 -0.16810  0.00000
 0.100000 12  0.00000 -0.41166 -0.12449  0.00000 -0.41166 -0.12449
 0.100000 13  0.41166  0.00000  0.00000  0.41166  0.00000  0.00000
 0.100000 14  0.12449  0.00000  0.00000  0.12449 -0.00000  0.00000
 0.100000 15  0.00000  1.47421  0.00000  0.00000  1.47421  0.00000
 0.100000 16 -1.47421  0.00000 -0.12449 -1.47421  0.00000 -0.12449
 0.100000 17  0.00000  0.12449  0.00000 -0.00000  0.12449  0.00000
 0.100000 18  0.00000  0.00000  1.47421  0.00000  0.00000  1.47421
 0.100000 19  0.00000  0.00000  0.41166  0.00000  0.00000  0.41166
 0.100000 20 -1.47421 -0.41166  0.00000 -1.47421 -0.41166  0.00000
 0.150000 0  0.00000  2.44419  0.69638  0.00000  2.44419  0.69638
 0.150000 1 -2.44419  0.00000 -0.02175 -2.44419  0.00000 -0.02175
 0.150000 2 -0.69638  0.02175  0.00000 -0.69638  0.02175  0.00000
 0.150000 3  0.00000 -2.44419 -0.69638  0.00000 -2.44419 -0.69638
 0.150000 4  2.44419  0.00000  0.02175  2.44419  0.00000  0.02175
 0.150000 5  0.69638 -0.02175  0.00000  0.69638 -0.02175  0.00000
 0.150000 6  0.00000  1.61477 -0.11830  0.00000  1.61477 -0.11830
 0.150000 7 -1.61477  0.00000 -0.22124 -1.61477  0.00000 -0.22124
 0.150000 8  0.11830  0.22124  0.00000  0.11830  0.22124  0.00000
 0.150000 9  0.00000 -1.61477  0.11830  0.00000 -1.61477  0.11830
 0.150000 10  1.61477  0.00000  0.22124  1.61477  0.00000  0.22124
 0.150000 11 -0.11830 -0.22124  0.00000 -0.11830 -0.22124  0.00000
 0.150000 12  0.00000 -0.50563 -0.15664  0.00000 -0.50563 -0.15664
 0.150000 13  0.50563  0.00000  0.00000  0.50563  0.00000 -0.00000
 0.150000 14  0.15664  0.00000  0.00000  0.15664  0.00000  0.00000
 0.150000 15  0.00000  1.41365  0.00000  0.00000  1.41365  0.00000
 0.150000 16 -1.41365  0.00000 -0.15664 -1.41365  0.00000 -0.15664
 0.150000 17  0.00000  0.15664  0.00000  0.00000  0.15664  0.00000
 0.150000 18  0.00000  0.00000  1.41365  0.00000  0.00000  1.41365
 0.150000 19  0.00000  0.00000  0.50563  0.00000  0.00000  0.50563
 0.150000 20 -1.41365 -0.50563  0.00000 -1.41365 -0.50563  0.00000
 0.200000 0  0.00000  2.47711  0.64867  0.00000  2.47711  0.64867
 0.200000 1 -2.47711  0.00000 -0.04847 -2.47711  0.00000 -0.04847
 0.200000 2 -0.64867  0.04847  0.00000 -0.64867  0.04847  0.00000
 0.200000 3  0.00000 -2.47711 -0.64867  0.00000 -2.47711 -0.64867
 0.200000 4  2.47711  0.00000  0.04847  2.47711  0.00000  0.04847
 0.200000 5  0.64867 -0.04847  0.00000  0.64867 -0.04847  0.00000
 0.200000 6  0.00000  1.62124 -0.15580  0.00000  1.62124 -0.15580
 0.200000 7 -1.62124  0.00000 -0.23917 -1.62124  0.00000 -0.23917
 0.200000 8  0.15580  0.23917  0.00000  0.15580  0.23917  0.00000
 0.200000 9  0.00000 -1.62124  0.15580  0.00000 -1.62124  0.15580
 0.200000 10  1.62124  0.00000  0.23917  1.62124  0.00000  0.23917
 0.200000 11 -0.15580 -0.23917  0.00000 -0.15580 -0.23917  0.00000
 0.200000 12  0.00000 -0.51386 -0.16269  0.00000 -0.51386 -0.16269
 0.200000 13  0.51386  0.00000  0.00000  0.51386  0.00000  0.00000
 0.200000 14  0.16269  0.00000  0.00000  0.16269  0.00000  0.00000
 0.200000 15  0.00000  1.43758  0.00000  0.00000  1.43758 -0.00000
 0.200000 16 -1.43758  0.00000 -0.16269 -1.43758  0.00000 -0.16269
 0.200000 17  0.00000  0.16269  0.00000  0.00000  0.16269  0.00000
 0.200000 18  0.00000  0.00000  1.43758  0.00000  0.00000  1.43758
 0.200000 19  0.00000  0.00000  0.51386  0.00000  0.00000  0.51386
 0.200000 20 -1.43758 -0.51386  0.00000 -1.43758 -0.51386  0.00000
