   0.2465   0.4515   0.6696   0.8868   0.8868   0.8868   0.8868   0.8868   0.8868   0.8871   0.8873   0.8873   0.8873   0.8873
   0.4515   0.3930   0.5832   0.7716   0.7716   0.7716   0.7716   0.7716   0.7716   0.7729   0.7738   0.7738   0.7738   0.7741
   0.6696   0.5832   0.6258   0.8283   0.8283   0.8283   0.8283   0.8283   0.8283   0.8291   0.8296   0.8296   0.8296   0.8298
   0.8868   0.7716   0.8283   0.8408   0.8408   0.8408   0.8408   0.8408   0.8408   0.8415   0.8419   0.8419   0.8419   0.8420
   0.8868   0.7716   0.8283   0.8408   0.1609   0.2941   0.4688   0.6287   0.7808   0.7808   0.7808   0.7835   0.7883   0.7883
   0.8868   0.7716   0.8283   0.8408   0.2941   0.2653   0.3899   0.5168   0.6429   0.6429   0.6429   0.6499   0.6613   0.6617
   0.8868   0.7716   0.8283   0.8408   0.4688   0.3899   0.5309   0.7185   0.8901   0.8901   0.8901   0.8907   0.8919   0.8919
   0.8868   0.7716   0.8283   0.8408   0.6287   0.5168   0.7185   0.6608   0.8200   0.8200   0.8200   0.8218   0.8252   0.8252
   0.8868   0.7716   0.8283   0.8408   0.7808   0.6429   0.8901   0.8200   0.7869   0.7869   0.7869   0.7895   0.7940   0.7940
   0.8871   0.7729   0.8291   0.8415   0.7808   0.6429   0.8901   0.8200   0.7869   0.2020   0.3939   0.5620   0.7244   0.9156
   0.8873   0.7738   0.8296   0.8419   0.7808   0.6429   0.8901   0.8200   0.7869   0.3939   0.4010   0.5714   0.7358   0.9322
   0.8873   0.7738   0.8296   0.8419   0.7835   0.6499   0.8907   0.8218   0.7895   0.5620   0.5714   0.5230   0.6764   0.8455
   0.8873   0.7738   0.8296   0.8419   0.7883   0.6613   0.8919   0.8252   0.7940   0.7244   0.7358   0.6764   0.6674   0.8324
   0.8873   0.7741   0.8298   0.8420   0.7883   0.6617   0.8919   0.8252   0.7940   0.9156   0.9322   0.8455   0.8324   0.9751
