# id:      mat0      mat1      mat2      mat3      mat4      mat5      mat6      mat7      mat8		  eigvct0_0  eigvct0_1  eigvct0_2  eigvct0_3	  eigvct1_0  eigvct1_1  eigvct1_2  eigvct1_3	  eigvct2_0  eigvct2_1  eigvct2_2  eigvct2_3	  eigvct3_0  eigvct3_1  eigvct3_2  eigvct3_3
   0:   1.00000   1.00000   1.00000   1.00000   1.00000   1.00000   1.00000   1.00000   1.00000		    0.00000    0.70711   -0.70711    0.00000	   -0.00000    0.40825    0.40825   -0.81650	   -0.00000    0.57735    0.57735    0.57735	    1.00000    0.00000    0.00000    0.00000
   1:   1.00000   2.00000   3.00000   4.00000   5.00000   6.00000   7.00000   8.00000   9.00000		   -0.00000    0.84243    0.16471   -0.51301	    0.15718    0.40317   -0.80635    0.40317	    0.98757   -0.06417    0.12834   -0.06417	    0.00000    0.35163    0.55336    0.75509
   2:   0.00000   1.00000   1.00000   1.00000   1.00000   1.00000   1.00000   1.00000   1.00000		    0.00000    0.88807   -0.32506   -0.32506	   -0.00000   -0.00000    0.70711   -0.70711	    1.00000    0.00000    0.00000    0.00000	   -0.00000    0.45970    0.62796    0.62796
   3:   1.00000   1.00000   1.00000   1.00000   0.00000   1.00000   1.00000   1.00000   1.00000		    0.00000    0.32506   -0.88807    0.32506	   -0.00000    0.70711   -0.00000   -0.70711	    1.00000    0.00000    0.00000    0.00000	   -0.00000    0.62796    0.45970    0.62796
   4:   0.00000   1.00000   1.00000   1.00000   0.00000   1.00000   1.00000   1.00000   0.00000		    0.00000    0.70711   -0.70711    0.00000	   -0.00000    0.40825    0.40825   -0.81650	    1.00000    0.00000    0.00000    0.00000	   -0.00000    0.57735    0.57735    0.57735
   5:   1.00000   1.00000   0.00000   1.00000   0.00000   1.00000   0.00000   1.00000   1.00000		   -0.00000    0.40825   -0.81650    0.40825	   -0.00000    0.70711    0.00000   -0.70711	    1.00000    0.00000    0.00000    0.00000	    0.00000    0.57735    0.57735    0.57735
   6:   1.00000   5.00000   1.00000   1.00000   5.00000   3.00000   1.00000   5.00000   1.00000		    0.14436   -0.25933    0.55923   -0.77406	    0.22406    0.87111   -0.19510   -0.39102	    0.89246   -0.29640   -0.33948    0.02048	    0.36397    0.29336    0.73072    0.49751
   7:  25.60647  26.79943 -60.01483 -35.28992  16.23707   0.32433  82.35744   0.04555 -53.86767		    0.66004    0.04166   -0.44595   -0.60311	    0.38117   -0.16096   -0.48921    0.76777	    0.05192    0.98572   -0.04065    0.15497	    0.64526   -0.02685    0.74843    0.15091
   8: -14.93229 -50.61306  36.39329  27.10337 -20.30257  31.36418  73.92315  77.38121  41.65115		    0.25217   -0.46914   -0.63598    0.55843	    0.61538    0.73010   -0.29708   -0.00287	    0.65319   -0.27877    0.66572    0.22902	    0.36203   -0.41129   -0.25315   -0.79730
   9:   8.19843  -3.94334  -0.93917  -3.36820   5.75125   1.54333   4.05353   0.32095   7.97802		    0.11917   -0.56398   -0.76502    0.28718	    0.04814    0.06414   -0.38493   -0.91945	    0.07374    0.82329   -0.49469    0.26840	    0.98896    0.00345    0.14781   -0.00986
  10:   8.55220  -1.66387  -0.40040  -1.12306  10.46500   0.37473  -0.15428   0.34889   8.44278		    0.00157   -0.88511   -0.44637   -0.13166	    0.01519   -0.04457   -0.20023    0.97862	    0.00363    0.46325   -0.87213   -0.15740	    0.99988    0.00038    0.00691   -0.01409
  11:   8.57544  -2.38686   1.91785  -2.48982   9.60171  -1.30172   1.91838  -1.32973   7.76839		    0.00106    0.73885    0.28098   -0.61250	    0.00207   -0.29401   -0.68344   -0.66818	    0.00226   -0.60635    0.67376   -0.42235	    0.99999    0.00119   -0.00040    0.00299
  12:   8.38589   1.87004   1.39288   1.87224   7.67390   1.47379   1.39328   1.48040   9.53932		    0.00011    0.59106   -0.79988    0.10409	    0.00006    0.58932    0.34011   -0.73282	    0.00018    0.55077    0.49449    0.67242	    1.00000   -0.00020   -0.00002   -0.00009
  13:   8.68096  -2.48809  -3.98164  -2.48855   8.35982   0.04415  -3.98145   0.04341   5.94127		    0.00002   -0.60909   -0.26273   -0.74832	    0.00000   -0.21944   -0.85087    0.47735	    0.00001   -0.76214    0.45495    0.46060	    1.00000    0.00002    0.00000    0.00001
  14:   5.89756  -1.15834   0.76745  -1.15837   6.73566   1.60357   0.76744   1.60357   9.11450		    0.00000    0.71154    0.61756   -0.33517	    0.00000   -0.70112    0.65542   -0.28080	    0.00000   -0.04627   -0.43480   -0.89934	    1.00000   -0.00000   -0.00000    0.00000
  15:   9.77705   0.44104   0.48682   0.44104   5.54696  -0.96641   0.48682  -0.96641  10.38081		    0.00000    0.11722   -0.97350   -0.19636	    0.00000   -0.91000   -0.18447    0.37130	    0.00000   -0.39768    0.13516   -0.90751	    1.00000    0.00000    0.00000    0.00000
  16:   6.86207  -0.22882  -0.04863  -0.22882   9.01592   0.65039  -0.04863   0.65039   8.72078		    0.00000    0.99409    0.10790   -0.01159	   -0.00000    0.07569   -0.61282    0.78659	   -0.00000    0.07777   -0.78282   -0.61737	    1.00000   -0.00000   -0.00000    0.00000
  17:  12.80263   0.05901  -0.96388   0.05901   6.07961  -2.50511  -0.96388  -2.50511   9.84369		   -0.00000    0.04798    0.89053    0.45239	   -0.00000    0.38853   -0.43389    0.81289	   -0.00000    0.92018    0.13677   -0.36682	    1.00000    0.00000    0.00000    0.00000
  18:   8.90257   2.97216   0.87065   2.97216  10.02916   1.02756   0.87065   1.02756   7.52058		    0.00000    0.77272   -0.63445   -0.01929	    0.00000    0.14153    0.20184   -0.96914	    0.00000    0.61877    0.74614    0.24576	    1.00000   -0.00000   -0.00000   -0.00000
  19:   7.02093   1.89405  -1.85922   1.89405   6.27333  -1.87173  -1.85922  -1.87173   8.95440		    0.00000    0.57479   -0.81147   -0.10553	   -0.00000    0.64223    0.36743    0.67271	   -0.00000    0.50711    0.45444   -0.73234	    1.00000   -0.00000    0.00000   -0.00000
  20:   8.36906  -1.03682  -2.57827  -1.03682   8.67337   2.22392  -2.57827   2.22392   7.42974		   -0.00000    0.49520   -0.33627    0.80106	   -0.00000    0.65236    0.75287   -0.08724	    0.00000    0.57376   -0.56578   -0.59219	    1.00000    0.00000    0.00000    0.00000
  21:   8.94962   0.02385  -0.14775   0.02385   9.03772   2.82860  -0.14775   2.82860   6.51724		   -0.00000    0.03203   -0.54399    0.83848	    0.00000    0.99899    0.04379   -0.00975	    0.00000    0.03142   -0.83795   -0.54485	    1.00000   -0.00000    0.00000    0.00000
  22:   7.36453   1.09655  -0.84264   1.09655   8.22939   0.76469  -0.84264   0.76469   8.24754		    0.00000    0.72164   -0.52085    0.45601	   -0.00000    0.62036    0.19422   -0.75989	    0.00000    0.30723    0.83126    0.46327	    1.00000   -0.00000    0.00000   -0.00000
  23:   7.70681   0.88304   1.90531   0.88304   8.02835   0.28159   1.90531   0.28159   7.81319		    0.00000    0.73095   -0.20396   -0.65124	    0.00000    0.12423   -0.89858    0.42086	    0.00000    0.67103    0.38853    0.63148	    1.00000   -0.00000    0.00000    0.00000
  24:   6.64665  -1.98510   1.59709  -1.98510   6.61516  -2.93942   1.59709  -2.93942   9.48904		    0.00000    0.47949    0.81835    0.31685	   -0.00000    0.78440   -0.23779   -0.57286	   -0.00000    0.39346   -0.52321    0.75593	    1.00000    0.00000   -0.00000   -0.00000
  25:   7.60578  -0.14460  -2.36164  -0.14460   8.76373   1.78825  -2.36164   1.78825   7.52152		   -0.00000    0.60498   -0.31013    0.73336	   -0.00000    0.62597    0.75446   -0.19734	   -0.00000    0.49210   -0.57845   -0.65057	    1.00000    0.00000   -0.00000   -0.00000
  26:   6.72742   0.35622   3.26455   0.35622   8.45908  -0.07192   3.26455  -0.07192   7.97458		   -0.00000    0.76978   -0.07179   -0.63426	    0.00000    0.00596    0.99442   -0.10533	   -0.00000    0.63828    0.07730    0.76591	    1.00000    0.00000   -0.00000    0.00000
  27:   7.95997   1.14183   1.76817   1.14183   8.69513   0.70798   1.76817   0.70798   8.32701		    0.00000    0.77261   -0.18865   -0.60621	    0.00000    0.21401   -0.82157    0.52841	   -0.00000    0.59773    0.53799    0.59438	    1.00000   -0.00000    0.00000    0.00000
  28:   6.94969   2.25713   0.28982   2.25713  10.60427   1.46057   0.28982   1.46057   6.69936		    0.00000    0.73969   -0.47875    0.47293	   -0.00000    0.53988    0.00264   -0.84174	   -0.00000    0.40173    0.87795    0.26043	    1.00000    0.00000    0.00000   -0.00000
  29:   8.79716  -3.04560   0.05309  -3.04560   6.44508  -0.35618   0.05309  -0.35618   8.05477		   -0.00000    0.56197    0.82411    0.07094	    0.00000    0.11103    0.00983   -0.99377	    0.00000    0.81967   -0.56634    0.08598	    1.00000   -0.00000    0.00000    0.00000
  30:  10.78451   0.87624   0.26446   0.87624   6.89983   1.31394   0.26446   1.31394   6.95728		    0.00000    0.08846   -0.73033    0.67734	   -0.00000    0.27062   -0.63681   -0.72197	   -0.00000    0.95861    0.24717    0.14131	    1.00000    0.00000    0.00000   -0.00000
  31:  11.26874  -2.67901   2.67432  -2.67901   7.13629   0.85462   2.67432   0.85462   9.52125		    0.00000    0.49662    0.75589   -0.42661	   -0.00000    0.24196   -0.59259   -0.76830	   -0.00000    0.83356   -0.27833    0.47719	    1.00000    0.00000   -0.00000    0.00000
  32:   7.19628  -1.47681   1.94020  -1.47681  10.19967  -2.08444   1.94020  -2.08444   7.37208		   -0.00000    0.66625   -0.11278   -0.73715	   -0.00000    0.62377    0.62601    0.46800	    0.00000    0.40868   -0.77162    0.48743	    1.00000   -0.00000    0.00000   -0.00000
  33:   7.62809   1.33954  -0.82988   1.33954   8.45006  -2.33399  -0.82988  -2.33399   9.04289		   -0.00000    0.41750   -0.75965   -0.49862	   -0.00000    0.83747    0.10874    0.53556	    0.00000    0.35262    0.64117   -0.68158	    1.00000    0.00000   -0.00000    0.00000
  34:   5.50566  -0.65276  -0.65948  -0.65276   8.04682   1.97064  -0.65948   1.97064   9.11488		    0.00000    0.98066    0.17978    0.07735	   -0.00000    0.09354   -0.77771    0.62163	    0.00000    0.17191   -0.60237   -0.77949	    1.00000   -0.00000   -0.00000    0.00000
  35:  10.80371  -1.78560  -0.74549  -1.78560  10.95331   3.85036  -0.74549   3.85036  10.24068		    0.00000    0.17060    0.69260   -0.70086	    0.00000    0.90716    0.16727    0.38611	    0.00000    0.38465   -0.70166   -0.59976	    1.00000   -0.00000    0.00000    0.00000
  36:   7.79717   1.52070  -2.05015   1.52070   7.54588  -1.14063  -2.05015  -1.14063   6.22644		    0.00000    0.55161    0.04078    0.83311	   -0.00000    0.47571   -0.83582   -0.27406	   -0.00000    0.68515    0.54748   -0.48044	    1.00000    0.00000    0.00000   -0.00000
  37:   8.60880  -0.64869   3.20398  -0.64869   6.43716  -0.28504   3.20398  -0.28504   7.50420		   -0.00000    0.64910    0.12503   -0.75036	   -0.00000    0.02252    0.98281    0.18324	    0.00000    0.76037   -0.13584    0.63513	    1.00000   -0.00000    0.00000   -0.00000
  38:   8.70396  -3.77103   3.87020  -3.77103   6.01177  -1.29938   3.87020  -1.29938   6.06465		   -0.00000    0.66128    0.52169   -0.53903	   -0.00000    0.00208    0.71729    0.69677	    0.00000    0.75014   -0.46189    0.47324	    1.00000   -0.00000    0.00000   -0.00000
  39:   9.48329   2.54065   1.35125   2.54065   6.97730  -2.35240   1.35125  -2.35240   9.37591		    0.00000    0.46587   -0.76072   -0.45197	   -0.00000    0.43962   -0.24430    0.86432	    0.00000    0.76792    0.60135   -0.22061	    1.00000   -0.00000   -0.00000    0.00000
  40:   4.25143  -2.48128  -1.10191  -2.48128   6.64051  -0.83099  -1.10191  -0.83099   8.68155		    0.00000    0.82484    0.52345    0.21365	    0.00000    0.55591   -0.81974   -0.13781	    0.00000    0.10300    0.23244   -0.96714	    1.00000   -0.00000    0.00000    0.00000
  41:   6.91105  -2.19478  -0.46278  -2.19478   7.34993   0.97361  -0.46278   0.97361   6.87270		   -0.00000    0.70281    0.69000   -0.17306	    0.00000    0.36012   -0.13530    0.92304	    0.00000    0.61349   -0.71105   -0.34357	    1.00000   -0.00000    0.00000    0.00000
  42:  12.49428   5.91256   3.39844   5.91256  10.02306   4.76930   3.39844   4.76930   6.96882		    0.00000    0.15833   -0.66427    0.73054	    0.00000    0.71503   -0.43310   -0.54878	    0.00000    0.68093    0.60924    0.40640	    1.00000   -0.00000    0.00000    0.00000
  43:   9.01662   1.87175  -0.79372   1.87175  10.49230   0.29066  -0.79372   0.29066   8.44340		   -0.00000    0.70266   -0.44810    0.55270	    0.00000    0.42268   -0.36198   -0.83085	    0.00000    0.57237    0.81742   -0.06495	    1.00000    0.00000   -0.00000    0.00000
  44:   7.03241  -0.95670   1.78963  -0.95670   8.47094  -2.49130   1.78963  -2.49130   7.81893		   -0.00000    0.51148   -0.42078   -0.74922	   -0.00000    0.76126    0.62632    0.16794	    0.00000    0.39859   -0.65625    0.64068	    1.00000   -0.00000    0.00000   -0.00000
  45:   8.75395   2.95984   3.13427   2.95984   7.73349   1.08098   3.13427   1.08098   9.02267		    0.00000    0.72264   -0.57525   -0.38326	   -0.00000    0.16076    0.67912   -0.71620	    0.00000    0.67227    0.45594    0.58324	    1.00000   -0.00000    0.00000    0.00000
  46:   7.32566  -1.64837  -0.37146  -1.64837   9.52354  -1.39612  -0.37146  -1.39612   9.27205		    0.00000    0.79510    0.51484    0.32057	    0.00000    0.53227   -0.33899   -0.77575	    0.00000    0.29071   -0.78742    0.54356	    1.00000   -0.00000    0.00000   -0.00000
  47:   8.86379   3.55396   0.17964   3.55396   8.56318  -0.91933   0.17964  -0.91933   6.60277		    0.00000    0.61163   -0.67801   -0.40769	    0.00000    0.34466   -0.23549    0.90871	   -0.00000    0.71212    0.69631   -0.08965	    1.00000   -0.00000    0.00000   -0.00000
  48:   6.62663  -2.58346  -0.67367  -2.58346  11.03897  -1.09021  -0.67367  -1.09021   8.38414		   -0.00000    0.84881    0.42556    0.31371	   -0.00000    0.36135   -0.03384   -0.93182	   -0.00000    0.38593   -0.90430    0.18250	    1.00000    0.00000   -0.00000    0.00000
  49:   9.57213  -3.13161  -0.28508  -3.13161   7.57334   1.13927  -0.28508   1.13927   5.95535		   -0.00000    0.42421    0.70352   -0.57018	    0.00000    0.44557    0.38599    0.80776	   -0.00000    0.78836   -0.59671   -0.14973	    1.00000    0.00000    0.00000   -0.00000
  50:   8.15511   1.95854   1.47301   1.95854   8.92591   1.55121   1.47301   1.55121   8.69883		    0.00000    0.81067   -0.56746   -0.14420	   -0.00000    0.22056    0.52412   -0.82259	   -0.00000    0.54237    0.63505    0.55005	    1.00000   -0.00000    0.00000   -0.00000
  51:   8.08856  -0.22164  -1.08902  -0.22164   4.82235  -0.29539  -1.08902  -0.29539   7.65268		    0.00000    0.11185    0.98349    0.14226	   -0.00000    0.62451   -0.18093    0.75977	   -0.00000    0.77297    0.00387   -0.63443	    1.00000    0.00000   -0.00000   -0.00000
  52:   6.49608   0.43237  -2.96652   0.43237   9.44610  -1.89187  -2.96652  -1.89187   7.54443		    0.00000    0.72345    0.17042    0.66901	    0.00000    0.54445   -0.73668   -0.40110	    0.00000    0.42449    0.65442   -0.62573	    1.00000   -0.00000   -0.00000    0.00000
  53:   7.56195  -0.72580   1.85291  -0.72580   9.32882  -1.47888   1.85291  -1.47888   8.05764		    0.00000    0.70066   -0.15131   -0.69726	   -0.00000    0.55717    0.72647    0.40225	    0.00000    0.44568   -0.67033    0.59332	    1.00000   -0.00000    0.00000   -0.00000
  54:   7.91370  -1.26963  -0.83389  -1.26963   6.88491   1.27867  -0.83389   1.27867   8.82497		   -0.00000    0.43517    0.86448   -0.25158	   -0.00000    0.74061   -0.18482    0.64601	    0.00000    0.51197   -0.46746   -0.72067	    1.00000    0.00000    0.00000    0.00000
  55:   6.17250   3.65611   1.44146   3.65611  10.89404   1.03696   1.44146   1.03696  12.28142		   -0.00000    0.88237   -0.46041   -0.09718	   -0.00000    0.23378    0.60815   -0.75862	    0.00000    0.40838    0.64667    0.64425	    1.00000    0.00000    0.00000   -0.00000
  56:   5.79351  -2.98637  -0.45682  -2.98637   8.20221  -0.11655  -0.45682  -0.11655   7.46864		    0.00000    0.82469    0.55316    0.11786	    0.00000    0.06508    0.11419   -0.99133	    0.00000    0.56182   -0.82521   -0.05817	    1.00000   -0.00000    0.00000    0.00000
  57:   8.52439   1.17633  -1.43532   1.17633   5.15613   0.89419  -1.43532   0.89419   6.85441		    0.00000    0.36564   -0.81070    0.45725	   -0.00000    0.28701    0.56553    0.77318	   -0.00000    0.88540    0.15147   -0.43946	    1.00000   -0.00000    0.00000   -0.00000
  58:   9.71249   0.83423   1.12107   0.83423   7.56136   1.93947   1.12107   1.93947   5.72312		   -0.00000    0.10222    0.50568   -0.85664	   -0.00000    0.56489   -0.73834   -0.36844	   -0.00000    0.81881    0.44625    0.36113	    1.00000    0.00000   -0.00000   -0.00000
  59:   6.83751  -0.05951  -0.19166  -0.05951   6.86031  -1.16897  -0.19166  -1.16897   6.36866		   -0.00000    0.12837    0.62186    0.77253	    0.00000    0.98872   -0.14090   -0.05087	    0.00000    0.07722    0.77035   -0.63293	    1.00000   -0.00000   -0.00000    0.00000
  60:  11.35523   4.07777   2.01441   4.07777   7.14090   1.92038   2.01441   1.92038   9.03577		    0.00000    0.47306   -0.86656    0.15899	   -0.00000    0.43605    0.07349   -0.89691	    0.00000    0.76555    0.49362    0.41264	    1.00000   -0.00000    0.00000   -0.00000
  61:   8.98977  -1.08348  -2.32061  -1.08348   8.32365   2.07597  -2.32061   2.07597   9.09953		    0.00000    0.42185   -0.52742    0.73748	   -0.00000    0.70069    0.70584    0.10399	    0.00000    0.57539   -0.47288   -0.66732	    1.00000   -0.00000    0.00000    0.00000
  62:   8.17017  -0.30717  -1.26605  -0.30717   5.41532   0.24664  -1.26605   0.24664   7.28730		    0.00000    0.07307    0.99413   -0.07976	   -0.00000    0.58166    0.02248    0.81312	   -0.00000    0.81014   -0.10581   -0.57661	    1.00000    0.00000   -0.00000   -0.00000
  63:   5.12570  -2.46970   2.33712  -2.46970   7.75276   0.80212   2.33712   0.80212   7.18630		   -0.00000    0.78084    0.42907   -0.45408	    0.00000    0.15812    0.56744    0.80809	    0.00000    0.60439   -0.70279    0.37523	    1.00000   -0.00000    0.00000   -0.00000
  64:  11.23612   1.46213   3.90384   1.46213   6.65947   3.07894   3.90384   3.07894  10.10307		   -0.00000    0.16853    0.79738   -0.57947	   -0.00000    0.71450   -0.50380   -0.48546	   -0.00000    0.67904    0.33222    0.65463	    1.00000    0.00000    0.00000    0.00000
  65:   9.43173   0.32613   0.17392   0.32613  11.70933  -1.15262   0.17392  -1.15262   7.86598		    0.00000    0.13262   -0.27208   -0.95309	    0.00000    0.98589   -0.06285    0.15512	   -0.00000    0.10211    0.96022   -0.25991	    1.00000   -0.00000    0.00000   -0.00000
  66:   8.14660   2.13228   2.14762   2.13228   5.88950   0.10565   2.14762   0.10565   8.78359		   -0.00000    0.57842   -0.77300   -0.26057	    0.00000    0.43040    0.56054   -0.70749	   -0.00000    0.69295    0.29708    0.65693	    1.00000    0.00000   -0.00000    0.00000
  67:   7.23289   2.33104   0.37062   2.33104   8.50543   1.05985   0.37062   1.05985   5.74033		   -0.00000    0.49853   -0.55446    0.66637	    0.00000    0.64409   -0.27757   -0.71281	    0.00000    0.58019    0.78456    0.21874	    1.00000   -0.00000   -0.00000    0.00000
  68:   8.63768  -1.04802   0.84843  -1.04802   6.74290  -2.37021   0.84843  -2.37021  10.11996		    0.00000    0.18034    0.89089    0.41687	   -0.00000    0.91319    0.00581   -0.40749	    0.00000    0.36545   -0.45417    0.81251	    1.00000    0.00000   -0.00000   -0.00000
  69:   9.18955   0.30428   0.37650   0.30428   5.81107   0.48081   0.37650   0.48081   6.94728		    0.00000    0.04560   -0.94270    0.33050	   -0.00000    0.20564   -0.31490   -0.92658	   -0.00000    0.97757    0.11021    0.17950	    1.00000    0.00000   -0.00000   -0.00000
  70:   6.51644  -2.06719   0.17333  -2.06719   5.99330  -0.47848   0.17333  -0.47848   4.58615		    0.00000    0.55638    0.70136    0.44557	    0.00000    0.37689    0.26489   -0.88757	    0.00000    0.74054   -0.66176    0.11695	    1.00000   -0.00000    0.00000    0.00000
  71:   7.82912   2.54026  -2.40152   2.54026  11.32575   0.82521  -2.40152   0.82521   5.40019		   -0.00000    0.56905   -0.26248    0.77929	    0.00000    0.66302   -0.41411   -0.62363	    0.00000    0.48640    0.87156   -0.06162	    1.00000   -0.00000   -0.00000    0.00000
  72:   6.66391   0.97034  -0.28610   0.97034  10.08811  -1.99244  -0.28610  -1.99244   9.64225		    0.00000    0.94743   -0.30320   -0.10222	   -0.00000    0.27147    0.59261    0.75837	    0.00000    0.16936    0.74625   -0.64376	    1.00000   -0.00000   -0.00000    0.00000
  73:   5.91687   2.02021   0.98317   2.02021   7.12689   0.01001   0.98317   0.01001   4.65027		   -0.00000    0.64244   -0.37774   -0.66677	   -0.00000    0.46124   -0.50424    0.73007	   -0.00000    0.61199    0.77657    0.14972	    1.00000    0.00000   -0.00000   -0.00000
  74:   8.26325   1.04877  -0.57580   1.04877   8.89480   1.25867  -0.57580   1.25867   7.56702		    0.00000    0.47466   -0.52419    0.70705	    0.00000    0.77875   -0.12425   -0.61491	   -0.00000    0.41018    0.84249    0.34923	    1.00000   -0.00000    0.00000    0.00000
  75:   7.31725   0.86094   1.33501   0.86094   6.63953  -0.00294   1.33501  -0.00294   6.09013		   -0.00000    0.57260   -0.31708   -0.75604	   -0.00000    0.14310   -0.86937    0.47299	   -0.00000    0.80725    0.37902    0.45243	    1.00000    0.00000   -0.00000   -0.00000
  76:   9.98883   0.79455  -2.36544   0.79455   5.58102  -1.89130  -2.36544  -1.89130   7.63871		   -0.00000    0.12285    0.81603    0.56480	    0.00000    0.60128   -0.51397    0.61180	    0.00000    0.78954    0.26444   -0.55380	    1.00000   -0.00000   -0.00000    0.00000
  77:   7.35947  -0.58862   1.42217  -0.58862   5.74443  -0.96444   1.42217  -0.96444   8.91533		    0.00000    0.14059    0.96724    0.21138	   -0.00000    0.85792   -0.01245   -0.51364	    0.00000    0.49418   -0.25356    0.83156	    1.00000    0.00000   -0.00000   -0.00000
  78:   9.90977  -1.02272   1.87234  -1.02272   6.07639  -1.20520   1.87234  -1.20520   5.37559		    0.00000    0.20251   -0.46464   -0.86203	    0.00000    0.40269    0.84192   -0.35919	    0.00000    0.89266   -0.27439    0.35760	    1.00000   -0.00000   -0.00000    0.00000
  79:  11.53109   0.66285  -0.50764   0.66285   8.30736   1.71064  -0.50764   1.71064   9.68015		   -0.00000    0.18083   -0.81341    0.55287	    0.00000    0.05547    0.56967    0.82000	   -0.00000    0.98195    0.11761   -0.14813	    1.00000    0.00000   -0.00000   -0.00000
  80:   9.25695  -0.05775   1.19853  -0.05775  10.03409  -1.24148   1.19853  -1.24148   7.59411		    0.00000    0.38760   -0.30903   -0.86849	    0.00000    0.83429    0.51831    0.18792	   -0.00000    0.39207   -0.79741    0.45871	    1.00000   -0.00000   -0.00000    0.00000
  81:   6.91093   2.73704   0.35668   2.73704   9.66753  -3.40029   0.35668  -3.40029   7.24139		   -0.00000    0.54784   -0.58356   -0.59944	   -0.00000    0.76123    0.05054    0.64651	   -0.00000    0.34698    0.81050   -0.47191	    1.00000    0.00000   -0.00000   -0.00000
  82:   7.19785   0.44020  -0.56000   0.44020   7.45761  -2.78356  -0.56000  -2.78356   7.27757		   -0.00000    0.03798    0.69162    0.72126	    0.00000    0.97451   -0.18533    0.12641	    0.00000    0.22110    0.69808   -0.68103	    1.00000   -0.00000   -0.00000    0.00000
  83:   9.00854   0.84719  -0.30756   0.84719   8.07770   4.60645  -0.30756   4.60645   8.11547		   -0.00000    0.14387   -0.70530    0.69415	   -0.00000    0.98420    0.02883   -0.17469	    0.00000    0.10319    0.70832    0.69831	    1.00000    0.00000   -0.00000   -0.00000
  84:   8.95195  -2.57337  -1.49098  -2.57337   7.88714   0.55698  -1.49098   0.55698   8.46275		   -0.00000    0.66204    0.71918    0.21089	    0.00000    0.18830   -0.43198    0.88201	   -0.00000    0.72542   -0.54422   -0.42141	    1.00000    0.00000    0.00000   -0.00000
  85:   6.94897   1.23848  -1.55719   1.23848   4.03012  -1.74525  -1.55719  -1.74525   5.92410		    0.00000    0.08862   -0.87750   -0.47133	    0.00000    0.70205   -0.28065    0.65450	    0.00000    0.70660    0.38889   -0.59117	    1.00000   -0.00000    0.00000    0.00000
  86:   6.31540  -1.23197   2.28368  -1.23197   6.61722   0.23585   2.28368   0.23585   8.41305		   -0.00000    0.77158    0.44929   -0.45035	   -0.00000    0.29766   -0.88065   -0.36860	   -0.00000    0.56220   -0.15035    0.81322	    1.00000    0.00000   -0.00000   -0.00000
  87:   7.54129   1.12002  -1.98624   1.12002   8.92598   0.87985  -1.98624   0.87985   6.27001		    0.00000    0.58355   -0.29184    0.75783	    0.00000    0.57796   -0.50629   -0.64002	   -0.00000    0.57047    0.81148   -0.12677	    1.00000   -0.00000    0.00000   -0.00000
  88:   8.38832  -1.72658   0.75509  -1.72658   6.83441  -0.96460   0.75509  -0.96460   4.89043		    0.00000    0.01556   -0.37096   -0.92852	   -0.00000    0.59417    0.75032   -0.28980	    0.00000    0.80419   -0.54719    0.23209	    1.00000    0.00000    0.00000   -0.00000
  89:   8.81918  -1.55732  -0.14313  -1.55732   9.26719   1.69321  -0.14313   1.69321   8.63183		   -0.00000    0.46811    0.67416   -0.57129	    0.00000    0.74453    0.04733    0.66591	   -0.00000    0.47597   -0.73706   -0.47978	    1.00000    0.00000    0.00000   -0.00000
  90:   7.09500  -1.27520  -1.26230  -1.27520   6.34564  -0.74621  -1.26230  -0.74621   7.54030		   -0.00000    0.59523    0.67006    0.44353	    0.00000    0.39156   -0.72386    0.56807	    0.00000    0.70169   -0.16447   -0.69324	    1.00000   -0.00000    0.00000   -0.00000
  91:   6.40666  -1.43691   3.08230  -1.43691   8.61315   1.44838   3.08230   1.44838   6.14165		   -0.00000    0.65730    0.31689   -0.68377	    0.00000    0.08219    0.87175    0.48302	    0.00000    0.74914   -0.37369    0.54695	    1.00000    0.00000    0.00000   -0.00000
  92:   6.87461  -0.88583  -1.23715  -0.88583   6.61186  -0.41729  -1.23715  -0.41729   6.89319		    0.00000    0.64311    0.52358    0.55881	   -0.00000    0.18495   -0.81433    0.55014	    0.00000    0.74310   -0.25045   -0.62054	    1.00000   -0.00000   -0.00000    0.00000
  93:   4.12964   0.50656   2.24419   0.50656   5.93875   2.16137   2.24419   2.16137   8.35381		    0.00000    0.87468    0.18434   -0.44828	    0.00000    0.35144   -0.87812    0.32464	   -0.00000    0.33380    0.44150    0.83286	    1.00000   -0.00000    0.00000    0.00000
  94:   9.28227   2.31671   2.29087   2.31671   8.24589  -2.17991   2.29087  -2.17991  10.94945		   -0.00000    0.58022   -0.67563   -0.45483	   -0.00000    0.67006    0.71344   -0.20500	    0.00000    0.46300   -0.18582    0.86666	    1.00000    0.00000   -0.00000   -0.00000
  95:  11.32873  -1.46267  -0.93001  -1.46267   8.11286   1.38878  -0.93001   1.38878  12.39081		   -0.00000    0.29571    0.93355   -0.20257	    0.00000    0.79488   -0.12285    0.59420	   -0.00000    0.52983   -0.33673   -0.77839	    1.00000    0.00000    0.00000   -0.00000
  96:   6.07692   0.09898  -0.69034   0.09898   6.31094   0.38617  -0.69034   0.38617   6.90000		   -0.00000    0.77467   -0.37187    0.51146	    0.00000    0.45780    0.88776   -0.04793	   -0.00000    0.43623   -0.27128   -0.85797	    1.00000    0.00000   -0.00000    0.00000
  97:   8.72189  -0.39241  -2.13269  -0.39241   5.44588   1.16754  -2.13269   1.16754   6.78965		   -0.00000    0.25572   -0.73166    0.63189	    0.00000    0.53369    0.65184    0.53877	    0.00000    0.80609   -0.19946   -0.55717	    1.00000   -0.00000    0.00000    0.00000
  98:   8.22568   2.65402  -0.08618   2.65402   7.23740  -1.62874  -0.08618  -1.62874  10.81525		    0.00000    0.59508   -0.77797   -0.20163	    0.00000    0.71039    0.39187    0.58462	   -0.00000    0.37580    0.49113   -0.78585	    1.00000   -0.00000    0.00000   -0.00000
  99:   8.82061  -1.85508   0.84296  -1.85508   7.26245  -3.43299   0.84296  -3.43299  12.24745		   -0.00000    0.34159    0.86321    0.37172	    0.00000    0.89721   -0.18172   -0.40247	    0.00000    0.27987   -0.47100    0.83656	    1.00000   -0.00000    0.00000   -0.00000
 100:   5.42697  -1.26748   0.58250  -1.26748   6.16063  -0.43766   0.58250  -0.43766   8.83316		   -0.00000    0.80606    0.58986   -0.04838	   -0.00000    0.54386   -0.77048   -0.33253	    0.00000    0.23343   -0.24173    0.94185	    1.00000    0.00000   -0.00000   -0.00000
 101:   8.54833  -1.47731  -1.64481  -1.47731  11.42093  -1.45191  -1.64481  -1.45191   9.58689		    0.00000    0.72836    0.38493    0.56685	   -0.00000    0.65612   -0.15339   -0.73890	    0.00000    0.19747   -0.91011    0.36429	    1.00000   -0.00000    0.00000   -0.00000
 102:   9.75479   0.35913   0.75153   0.35913   7.85082  -0.34940   0.75153  -0.34940   8.18798		   -0.00000    0.30745   -0.72517   -0.61612	   -0.00000    0.19752    0.68201   -0.70416	    0.00000    0.93084    0.09480    0.35292	    1.00000    0.00000    0.00000   -0.00000
 103:   7.87002   0.28268  -2.43694   0.28268   6.17910   3.01421  -2.43694   3.01421   8.92423		    0.00000    0.37914   -0.72016    0.58105	   -0.00000    0.80393    0.56729    0.17853	    0.00000    0.45820   -0.39944   -0.79404	    1.00000    0.00000    0.00000   -0.00000
 104:   5.87684  -0.16606  -0.72179  -0.16606   5.68319  -0.04936  -0.72179  -0.04936   7.10321		   -0.00000    0.75621    0.55771    0.34221	   -0.00000    0.50091   -0.82991    0.24563	   -0.00000    0.42099   -0.01433   -0.90695	    1.00000    0.00000   -0.00000   -0.00000
 105:   6.58296  -1.35245  -0.15412  -1.35245   7.57194   0.70058  -0.15412   0.70058   3.98580		   -0.00000    0.04384    0.20014   -0.97879	    0.00000    0.82983    0.53824    0.14722	    0.00000    0.55628   -0.81868   -0.14249	    1.00000   -0.00000    0.00000   -0.00000
 106:   6.17594   1.98254   2.02226   1.98254   8.49649   0.18176   2.02226   0.18176   8.26801		   -0.00000    0.83286   -0.37538   -0.40673	    0.00000    0.03808   -0.69425    0.71872	    0.00000    0.55217    0.61408    0.56392	    1.00000    0.00000    0.00000   -0.00000
 107:   7.23458  -2.23526   0.86832  -2.23526   9.08973  -2.23202   0.86832  -2.23202  10.08971		    0.00000    0.77897    0.60794    0.15368	    0.00000    0.50685   -0.46613   -0.72514	   -0.00000    0.36920   -0.64275    0.67124	    1.00000   -0.00000   -0.00000    0.00000
 108:  10.48907  -0.03927   1.45570  -0.03927   7.29264   0.21226   1.45570   0.21226   8.20669		    0.00000    0.21975    0.84974   -0.47921	    0.00000    0.37955   -0.52699   -0.76041	    0.00000    0.89869    0.01479    0.43833	    1.00000   -0.00000   -0.00000    0.00000
 109:   8.71887  -2.16130  -0.27661  -2.16130   9.35225   3.75903  -0.27661   3.75903   9.76180		   -0.00000    0.39701    0.72038   -0.56872	    0.00000    0.85930   -0.07404    0.50608	   -0.00000    0.32246   -0.68962   -0.64841	    1.00000    0.00000    0.00000   -0.00000
 110:   9.24763   0.54669  -0.81795   0.54669   7.83124  -1.46117  -0.81795  -1.46117   5.80460		    0.00000    0.11534    0.43604    0.89251	   -0.00000    0.55131   -0.77551    0.30763	   -0.00000    0.82629    0.45657   -0.32984	    1.00000    0.00000    0.00000   -0.00000
 111:   6.12999  -0.64447   2.19504  -0.64447   6.68531  -2.20761   2.19504  -2.20761   8.27078		    0.00000    0.65298   -0.42916   -0.62405	   -0.00000    0.62741    0.76804    0.12832	    0.00000    0.42422   -0.47533    0.77078	    1.00000   -0.00000    0.00000   -0.00000
 112:   5.46508  -1.85785   0.33927  -1.85785   6.19906  -1.76196   0.33927  -1.76196   6.36036		   -0.00000    0.62259    0.69216    0.36510	   -0.00000    0.64415   -0.18836   -0.74134	   -0.00000    0.44436   -0.69673    0.56313	    1.00000    0.00000   -0.00000   -0.00000
 113:  10.92363  -2.36178  -2.27307  -2.36178   6.77305   3.23423  -2.27307   3.23423   6.71356		    0.00000    0.00828    0.70680   -0.70737	    0.00000    0.65461    0.53092    0.53816	   -0.00000    0.75593   -0.46750   -0.45828	    1.00000    0.00000   -0.00000   -0.00000
 114:  11.11462  -0.55211   1.22637  -0.55211   8.52965   0.29635   1.22637   0.29635   7.73873		    0.00000    0.32298    0.32783   -0.88781	   -0.00000    0.03157    0.93383    0.35631	    0.00000    0.94588   -0.14311    0.29126	    1.00000   -0.00000    0.00000    0.00000
 115:   7.19028  -0.70148   0.40072  -0.70148   6.77898   0.77574   0.40072   0.77574   8.93284		   -0.00000    0.55579    0.78178   -0.28270	    0.00000    0.82609   -0.55746    0.08250	    0.00000    0.09309    0.27939    0.95565	    1.00000    0.00000    0.00000   -0.00000
 116:   7.81027  -3.27100   2.16739  -3.27100   6.76713  -2.03789   2.16739  -2.03789   8.17557		   -0.00000    0.63109    0.77411    0.04986	   -0.00000    0.45905   -0.32088   -0.82844	   -0.00000    0.62530   -0.54571    0.55786	    1.00000    0.00000   -0.00000   -0.00000
 117:  10.35304  -0.84108  -1.58397  -0.84108   9.05320  -0.38316  -1.58397  -0.38316   6.80423		    0.00000    0.37469    0.21997    0.90068	   -0.00000    0.20850    0.92657   -0.31303	   -0.00000    0.90340   -0.30508   -0.30131	    1.00000    0.00000    0.00000   -0.00000
 118:   5.30478  -0.05167  -1.48901  -0.05167   7.17232   0.99403  -1.48901   0.99403   6.34868		   -0.00000    0.77268   -0.18625    0.60686	   -0.00000    0.52835    0.71859   -0.45218	   -0.00000    0.35187   -0.67003   -0.65365	    1.00000    0.00000   -0.00000   -0.00000
 119:   8.60667  -1.08350  -0.33727  -1.08350   7.68174   0.18343  -0.33727   0.18343   9.58239		   -0.00000    0.55280    0.83322    0.01284	   -0.00000    0.67345   -0.45578    0.58201	   -0.00000    0.49079   -0.31308   -0.81308	    1.00000    0.00000   -0.00000    0.00000
 120:   7.98726   1.11135   1.48333   1.11135   4.97662   0.64123   1.48333   0.64123   8.32822		   -0.00000    0.29272   -0.95500    0.04784	    0.00000    0.68445    0.17432   -0.70791	   -0.00000    0.66772    0.23996    0.70468	    1.00000    0.00000   -0.00000    0.00000
 121:   7.29793   1.30894  -0.13468   1.30894   7.44782   0.51942  -0.13468   0.51942   6.56829		    0.00000    0.58670   -0.62396    0.51620	    0.00000    0.46478   -0.26254   -0.84561	    0.00000    0.66315    0.73603    0.13597	    1.00000   -0.00000    0.00000    0.00000
 122:   7.75157   1.25445  -1.92992   1.25445  11.55301   1.07806  -1.92992   1.07806   7.01280		    0.00000    0.63016   -0.24236    0.73767	    0.00000    0.74114   -0.09555   -0.66452	   -0.00000    0.23153    0.96547    0.11941	    1.00000   -0.00000    0.00000    0.00000
 123:   9.90664   1.43660  -1.14938   1.43660   6.65414  -1.90466  -1.14938  -1.90466   8.31579		    0.00000    0.14625   -0.85911   -0.49045	    0.00000    0.65182   -0.28925    0.70104	    0.00000    0.74413    0.42222   -0.51768	    1.00000   -0.00000    0.00000   -0.00000
 124:   7.65521  -1.65824  -1.84856  -1.65824   5.16165  -0.38187  -1.84856  -0.38187   7.72333		    0.00000    0.51496    0.79115    0.32999	   -0.00000    0.43437   -0.57271    0.69522	    0.00000    0.73901   -0.21467   -0.63858	    1.00000   -0.00000   -0.00000    0.00000
 125:   6.34077   0.90732   2.46033   0.90732   7.10020   2.39816   2.46033   2.39816   8.96307		    0.00000    0.72488    0.33032   -0.60451	    0.00000    0.54150   -0.81567    0.20362	    0.00000    0.42583    0.47494    0.77013	    1.00000   -0.00000    0.00000    0.00000
 126:   6.85031   2.40620   2.26721   2.40620   8.18294   2.99881   2.26721   2.99881   8.86250		   -0.00000    0.79078   -0.61200    0.01103	   -0.00000    0.40533    0.51007   -0.75864	    0.00000    0.45866    0.60439    0.65142	    1.00000    0.00000   -0.00000   -0.00000
 127:   7.15177   0.68313   0.22812   0.68313   7.77744   1.04654   0.22812   1.04654   7.49049		    0.00000    0.46259   -0.67845    0.57072	   -0.00000    0.81306    0.06798   -0.57820	    0.00000    0.35348    0.73149    0.58307	    1.00000    0.00000    0.00000   -0.00000
 128:   6.41586   1.01745  -0.61912   1.01745   7.78360  -3.31507  -0.61912  -3.31507   5.62752		   -0.00000    0.03235   -0.59182   -0.80542	   -0.00000    0.96031   -0.20498    0.18919	   -0.00000    0.27706    0.77957   -0.56170	    1.00000    0.00000    0.00000   -0.00000
 129:   6.21924   1.18866  -1.46265   1.18866   9.96560   1.00817  -1.46265   1.00817   8.74810		    0.00000    0.85624   -0.29600    0.42337	   -0.00000    0.50519    0.30868   -0.80591	   -0.00000    0.10786    0.90394    0.41384	    1.00000    0.00000    0.00000   -0.00000
 130:   7.06983   0.00817  -0.86963   0.00817   5.99555  -0.50583  -0.86963  -0.50583   9.21016		    0.00000    0.12942    0.97455    0.18302	   -0.00000    0.93700   -0.18059    0.29903	    0.00000    0.32448    0.13278   -0.93653	    1.00000    0.00000   -0.00000    0.00000
 131:   9.58658  -1.32774   0.43312  -1.32774   5.13653   2.47278   0.43312   2.47278   5.25389		   -0.00000    0.17574    0.71882   -0.67262	    0.00000    0.24834    0.62878    0.73686	   -0.00000    0.95260   -0.29653   -0.06801	    1.00000    0.00000   -0.00000   -0.00000
 132:   8.36725   0.82859   3.33486   0.82859   9.31917   0.56411   3.33486   0.56411   7.86129		   -0.00000    0.68312   -0.03392   -0.72952	    0.00000    0.24524   -0.93026    0.27291	    0.00000    0.68790    0.36534    0.62716	    1.00000    0.00000    0.00000   -0.00000
 133:   7.19389   1.10354   2.82412   1.10354   6.70615  -0.35057   2.82412  -0.35057   6.64207		    0.00000    0.65833   -0.32479   -0.67905	   -0.00000    0.07648    0.92631   -0.36892	    0.00000    0.74883    0.19094    0.63466	    1.00000   -0.00000    0.00000   -0.00000
 134:   8.42872  -0.04752   2.06667  -0.04752   6.73003   2.20065   2.06667   2.20065   6.17458		    0.00000    0.33637    0.55288   -0.76235	    0.00000    0.61010   -0.74460   -0.27082	   -0.00000    0.71738    0.37402    0.58778	    1.00000   -0.00000    0.00000    0.00000
 135:   6.74391   2.41549  -0.54762   2.41549   8.06993  -2.28238  -0.54762  -2.28238   8.69240		    0.00000    0.68795   -0.66861   -0.28229	   -0.00000    0.60058    0.30608    0.73866	    0.00000    0.40748    0.67770   -0.61212	    1.00000   -0.00000   -0.00000    0.00000
 136:   8.86215   1.97742   3.82970   1.97742   8.34489   4.52747   3.82970   4.52747   8.17831		    0.00000    0.32763    0.55407   -0.76529	   -0.00000    0.77653   -0.61932   -0.11595	   -0.00000    0.53821    0.55627    0.63316	    1.00000    0.00000   -0.00000    0.00000
 137:   9.80933  -0.57654   1.28659  -0.57654   8.82301  -1.82508   1.28659  -1.82508   5.70604		    0.00000    0.18597   -0.37500   -0.90818	   -0.00000    0.63707    0.74971   -0.17911	    0.00000    0.74804   -0.54526    0.37833	    1.00000   -0.00000    0.00000   -0.00000
 138:   7.92311   1.33895   2.32779   1.33895   8.52171   1.30459   2.32779   1.30459   7.57956		   -0.00000    0.67491    0.01890   -0.73766	   -0.00000    0.41952   -0.83222    0.36251	    0.00000    0.60704    0.55413    0.56960	    1.00000    0.00000   -0.00000    0.00000
 139:   6.21418   0.82020  -0.29586   0.82020   6.35984  -0.83920  -0.29586  -0.83920   6.42371		   -0.00000    0.53106   -0.73969   -0.41333	    0.00000    0.69203    0.09714    0.71530	   -0.00000    0.48895    0.66590   -0.56347	    1.00000    0.00000    0.00000   -0.00000
 140:   5.72870   0.93861  -1.92380   0.93861   5.33278   0.54928  -1.92380   0.54928   8.39542		    0.00000    0.70352   -0.60385    0.37472	   -0.00000    0.54080    0.79698    0.26899	   -0.00000    0.46107   -0.01341   -0.88726	    1.00000    0.00000    0.00000   -0.00000
 141:   8.74488   0.87082   0.30219   0.87082  12.05626  -1.53843   0.30219  -1.53843   6.31846		    0.00000    0.17671   -0.25976   -0.94937	    0.00000    0.96413   -0.14839    0.22006	   -0.00000    0.19804    0.95420   -0.22422	    1.00000   -0.00000    0.00000    0.00000
 142:   8.18211  -1.48419   1.21119  -1.48419   9.55931   0.35330   1.21119   0.35330   8.16543		   -0.00000    0.71766    0.39998   -0.57007	    0.00000    0.38148    0.45907    0.80233	   -0.00000    0.58262   -0.79327    0.17687	    1.00000    0.00000   -0.00000    0.00000
