 1 1 0.
 1 2 0.053113755389088274
 1 3 0.10849390623742407
 1 4 0.16528421072696314
 1 5 0.2205181355990746
 1 6 0.27747037911996786
 1 7 0.33126918935944405
 1 8 0.3867279074131675
 1 9 0.442195296572863
 1 10 0.49726446966093063
 1 11 0.5511631279208465
 1 12 0.6036527548559854
 1 13 0.6560196742877148
 1 14 0.707258571801672
 1 15 0.7583472715089857
 1 16 0.8052540572715309
 1 17 0.8458044223069054
 1 18 0.8741904124657884
 1 19 0.893559230900788
 1 20 0.9071329278166695
 1 21 0.9314257989416117
 1 22 0.9509273608001567
 1 23 0.9741146660169708
 1 24 0.9956382672202702
 1 25 1.0217521479865144
 1 26 1.0493930606191229
 1 27 1.0783003974530665
 1 28 1.1051387488814812
 1 29 1.133457760175441
 1 30 1.140368068979322
 1 31 1.1856574565684037
 1 32 1.2101884041774509
 1 33 1.2319612028613172
 1 34 1.237876208801093
 1 35 1.274140364740742
 1 36 1.294590576733328
 1 37 1.3109961447847227
 1 38 1.3271290772725404
 1 39 1.34065616172027
 1 40 1.3510252731791472
 1 41 1.354841779631088
 1 42 1.3523477459743545
 2 1 0.053113755389088274
 2 2 0.
 2 3 0.05674615619101446
 2 4 0.11420163139838352
 2 5 0.1696706106085364
 2 6 0.22687522953602052
 2 7 0.280875416812234
 2 8 0.3368927910137598
 2 9 0.39282857903295704
 2 10 0.448583225391111
 2 11 0.5031029134361216
 2 12 0.5564125924633445
 2 13 0.6095423440242419
 2 14 0.6617323764768875
 2 15 0.7136415953079336
 2 16 0.7614960788382833
 2 17 0.8030197031101384
 2 18 0.8322775133575077
 2 19 0.8522678464876209
 2 20 0.8665371417442407
 2 21 0.8918636508360879
 2 22 0.912416453665738
 2 23 0.9369515731181832
 2 24 0.9597251164207974
 2 25 0.9872076722962891
 2 26 1.0162425174027045
 2 27 1.0466517560449036
 2 28 1.0748359644650043
 2 29 1.1044764584210751
 2 30 1.1116928484132182
 2 31 1.158861945877582
 2 32 1.1843797752794138
 2 33 1.2069618424616777
 2 34 1.2130646511753904
 2 35 1.2503494312959627
 2 36 1.2714249594615146
 2 37 1.2881771352955544
 2 38 1.3046463081873192
 2 39 1.318447210914709
 2 40 1.3290490082984585
 2 41 1.333089792132786
 2 42 1.3307313542471564
 3 1 0.10849390623742407
 3 2 0.05674615619101446
 3 3 0.
 3 4 0.05892761192772199
 3 5 0.11411569942232448
 3 6 0.17159167799945005
 3 7 0.22557928320029452
 3 8 0.2818717466348252
 3 9 0.33816395830574025
 3 10 0.39444266324722127
 3 11 0.4494768542564168
 3 12 0.5033934749628072
 3 13 0.5571927607359459
 3 14 0.6102103043615589
 3 15 0.662880144200849
 3 16 0.711700484561836
 3 17 0.7542660620186706
 3 18 0.7846146561790717
 3 19 0.805568887863276
 3 20 0.8209344990391261
 3 21 0.8476102578626982
 3 22 0.8696401809369643
 3 23 0.8959381504834799
 3 24 0.9203378399609274
 3 25 0.949588067412387
 3 26 0.9803495504783641
 3 27 1.012575093204879
 3 28 1.0424768151483208
 3 29 1.0737985705621824
 3 30 1.0814263399784296
 3 31 1.1310952156229268
 3 32 1.1579574210435102
 3 33 1.1817471781182773
 3 34 1.188139571051502
 3 35 1.2270329365154133
 3 36 1.2491332812673241
 3 37 1.266570570747361
 3 38 1.2836867186226772
 3 39 1.2980239452512017
 3 40 1.3091542176831406
 3 41 1.3136770156625581
 3 42 1.3117466594618856
 4 1 0.16528421072696314
 4 2 0.11420163139838352
 4 3 0.05892761192772199
 4 4 0.
 4 5 0.055944190891574236
 4 6 0.11338430416975526
 4 7 0.16753757337175346
 4 8 0.22411557328926698
 4 9 0.28069467822185507
 4 10 0.33726477221952456
 4 11 0.3925184971501364
 4 12 0.4470266498734822
 4 13 0.501411896235328
 4 14 0.5551183767163022
 4 15 0.6085617310176363
 4 16 0.6583360547009385
 4 17 0.7021079859914054
 4 18 0.7337542922827786
 4 19 0.7560048814166891
 4 20 0.7727500393625145
 4 21 0.8011251286287701
 4 22 0.8249072910809224
 4 23 0.8530825657695341
 4 24 0.879253090909588
 4 25 0.9103342412526229
 4 26 0.9428929565718654
 4 27 0.9770031441661878
 4 28 1.0085779461799915
 4 29 1.0416501354644088
 4 30 1.0497071739140673
 4 31 1.101967743985908
 4 32 1.1302954203254483
 4 33 1.1553917297131615
 4 34 1.1621070558049607
 4 35 1.2027738868812312
 4 36 1.226063081277734
 4 37 1.2443616595578948
 4 38 1.26229858155198
 4 39 1.2773547390406983
 4 40 1.289214528882285
 4 41 1.2944269953981924
 4 42 1.2932644562845343
 5 1 0.2205181355990746
 5 2 0.1696706106085364
 5 3 0.11411569942232448
 5 4 0.055944190891574236
 5 5 0.
 5 6 0.05806204541597168
 5 7 0.11252797060417627
 5 8 0.16949926908528645
 5 9 0.22643685973767796
 5 10 0.283426874371649
 5 11 0.33901956060968674
 5 12 0.3941320896849078
 5 13 0.44914629668121075
 5 14 0.5036353920748491
 5 15 0.5578658249834613
 5 16 0.6085984747665264
 5 17 0.6535948121453359
 5 18 0.6864770404021934
 5 19 0.7099785538751676
 5 20 0.7280933124991882
 5 21 0.7580412567231558
 5 22 0.783495250433718
 5 23 0.8135630218678097
 5 24 0.8414751680809243
 5 25 0.8743684474216
 5 26 0.9086990132515786
 5 27 0.9446242235515968
 5 28 0.9778769914815553
 5 29 1.0126523090387092
 5 30 1.0211124078411082
 5 31 1.075791439079417
 5 32 1.105462729479022
 5 33 1.1317521590913464
 5 34 1.138754369647931
 5 35 1.1810072737870687
 5 36 1.2053229971407764
 5 37 1.2243197558667898
 5 38 1.242904363582552
 5 39 1.2584916973516438
 5 40 1.2708938586831056
 5 41 1.2766021885189431
 5 42 1.275962538252643
 6 1 0.27747037911996786
 6 2 0.22687522953602052
 6 3 0.17159167799945005
 6 4 0.11338430416975526
 6 5 0.05806204541597168
 6 6 0.
 6 7 0.05638450458454366
 6 8 0.11364505793407731
 6 9 0.1708380646922242
 6 10 0.22804654010223066
 6 11 0.2838362631937465
 6 12 0.33959030572375154
 6 13 0.39519945170929516
 6 14 0.4504212144383184
 6 15 0.5054474108338134
 6 16 0.5571808400958923
 6 17 0.6034555558338859
 6 18 0.6376658963795452
 6 19 0.6625559382074044
 6 20 0.6821762093726623
 6 21 0.7139250499020446
 6 22 0.7412080136141277
 6 23 0.7732956564149973
 6 24 0.8030845901617789
 6 25 0.8378497795709773
 6 26 0.8740095274480623
 6 27 0.9118193038482343
 6 28 0.9467367735786332
 6 29 0.9832360991536996
 6 30 0.9921077144886727
 6 31 1.0492343827305946
 6 32 1.080249954766163
 6 33 1.1077406193582187
 6 34 1.115034667638809
 6 35 1.1588586989419156
 6 36 1.1842314567257906
 6 37 1.2039668243748223
 6 38 1.2232415485397723
 6 39 1.2394065242289964
 6 40 1.2524368614767822
 6 41 1.2587546783133778
 6 42 1.2588184415780401
 7 1 0.33126918935944405
 7 2 0.280875416812234
 7 3 0.22557928320029452
 7 4 0.16753757337175346
 7 5 0.11252797060417627
 7 6 0.05638450458454366
 7 7 0.
 7 8 0.05802977889480664
 7 9 0.115128326756124
 7 10 0.1726219249427231
 7 11 0.22887372001125866
 7 12 0.28499812935420665
 7 13 0.34101575126637945
 7 14 0.3967823542663823
 7 15 0.45225903945780127
 7 16 0.5046647597122257
 7 17 0.5517631219835942
 7 18 0.587181377867957
 7 19 0.6133816480187261
 7 20 0.6346053410019072
 7 21 0.6681351775538619
 7 22 0.6973960659711859
 7 23 0.7316192006046943
 7 24 0.7634449605444
 7 25 0.8003131496043897
 7 26 0.8384236008840866
 7 27 0.8782079270745607
 7 28 0.9150019508204126
 7 29 0.9534207905351103
 7 30 0.9627708845938536
 7 31 1.0227025665667673
 7 32 1.0553141193212185
 7 33 1.0842638399052624
 7 34 1.091923883476675
 7 35 1.1377623117950424
 7 36 1.1644297421185443
 7 37 1.1851637003536886
 7 38 1.2053244546587567
 7 39 1.2222999198359175
 7 40 1.2360760622866678
 7 41 1.2431506414161344
 7 42 1.2440134387612056
 8 1 0.3867279074131675
 8 2 0.3368927910137598
 8 3 0.2818717466348252
 8 4 0.22411557328926698
 8 5 0.16949926908528645
 8 6 0.11364505793407731
 8 7 0.05802977889480664
 8 8 0.
 8 9 0.05764192307517404
 8 10 0.11532895119370787
 8 11 0.17174231386113714
 8 12 0.2281323226730779
 8 13 0.2844663348447431
 8 14 0.34075151405382753
 8 15 0.39665502498861943
 8 16 0.4497175415741086
 8 17 0.4978020558481176
 8 18 0.534583062581219
 8 19 0.5623707721131811
 8 20 0.5854424771186547
 8 21 0.6210160471023077
 8 22 0.6524763233533114
 8 23 0.689008936207204
 8 24 0.7230127582671869
 8 25 0.762029427800801
 8 26 0.8021252347144732
 8 27 0.843864316436516
 8 28 0.882528399657999
 8 29 0.9228231170913341
 8 30 0.9326494552913619
 8 31 0.9953315265874174
 8 32 1.029480905250729
 8 33 1.0598745598271597
 8 34 1.0678875880331744
 8 35 1.115655496016423
 8 36 1.143621514562814
 8 37 1.1653511117250202
 8 38 1.1863965641398002
 8 39 1.2041650578131722
 8 40 1.2187511045547057
 8 41 1.2266532524616645
 8 42 1.228449982067215
 9 1 0.442195296572863
 9 2 0.39282857903295704
 9 3 0.33816395830574025
 9 4 0.28069467822185507
 9 5 0.22643685973767796
 9 6 0.1708380646922242
 9 7 0.115128326756124
 9 8 0.05764192307517404
 9 9 0.
 9 10 0.058371912745633844
 9 11 0.11504491772681412
 9 12 0.17173129771537543
 9 13 0.22846477530850157
 9 14 0.28520995697126705
 9 15 0.3415869707082974
 9 16 0.39537552851401103
 9 17 0.44455944565091426
 9 18 0.4829118399554786
 9 19 0.5125462717017214
 9 20 0.5377883250565305
 9 21 0.5755878109859743
 9 22 0.6094272451055973
 9 23 0.64837885286264
 9 24 0.6846425252265063
 9 25 0.7258818151934081
 9 26 0.7679772569217522
 9 27 0.8116708285893103
 9 28 0.8521803332278407
 9 29 0.8943535466089465
 9 30 0.9046448763554302
 9 31 0.9699839085451045
 9 32 1.0056448285692308
 9 33 1.0374258122162618
 9 34 1.0457822793540799
 9 35 1.0954071278845472
 9 36 1.1245888330877067
 9 37 1.1472600317021675
 9 38 1.169144101984649
 9 39 1.1876428956519827
 9 40 1.2029579896454923
 9 41 1.2116220691078203
 9 42 1.2143199195281917
 10 1 0.49726446966093063
 10 2 0.448583225391111
 10 3 0.39444266324722127
 10 4 0.33726477221952456
 10 5 0.283426874371649
 10 6 0.22804654010223066
 10 7 0.1726219249427231
 10 8 0.11532895119370787
 10 9 0.058371912745633844
 10 10 0.
 10 11 0.05758553680622631
 10 12 0.1140490016282027
 10 13 0.17100050879292297
 10 14 0.2280977271168913
 10 15 0.2848822305370451
 10 16 0.33938741137012124
 10 17 0.3897450078655428
 10 18 0.4298774999731964
 10 19 0.46171916107873107
 10 20 0.4895102059927249
 10 21 0.5298021891834119
 10 22 0.566301729790228
 10 23 0.6078225591537814
 10 24 0.6465099165527309
 10 25 0.6899890093257128
 10 26 0.7341568057514448
 10 27 0.779798912679127
 10 28 0.8221382603404207
 10 29 0.866252215625005
 10 30 0.8770250863133098
 10 31 0.9451309579223751
 10 32 0.9824151618453697
 10 33 1.0156982417167058
 10 34 1.0244355948105655
 10 35 1.076148468373159
 10 36 1.10671850426803
 10 37 1.1305353829707658
 10 38 1.153415902569348
 10 39 1.1728212340216118
 10 40 1.18907725978675
 10 41 1.1986803538576165
 10 42 1.2025656613951587
 11 1 0.5511631279208465
 11 2 0.5031029134361216
 11 3 0.4494768542564168
 11 4 0.3925184971501364
 11 5 0.33901956060968674
 11 6 0.2838362631937465
 11 7 0.22887372001125866
 11 8 0.17174231386113714
 11 9 0.11504491772681412
 11 10 0.05758553680622631
 11 11 0.
 11 12 0.05774480853204654
 11 13 0.11474930451424067
 11 14 0.17229759350382534
 11 15 0.2296663012579028
 11 16 0.2848261518036537
 11 17 0.3365448981553835
 11 18 0.37862414141274936
 11 19 0.412845098168707
 11 20 0.44341856101699395
 11 21 0.4862095964982293
 11 22 0.5254239605012271
 11 23 0.5694136845692053
 11 24 0.6104587957959197
 11 25 0.6560130865893652
 11 26 0.702108755187326
 11 27 0.7495399103250477
 11 28 0.7935199567424043
 11 29 0.8393461316757832
 11 30 0.8505682618911834
 11 31 0.9211685167217013
 11 32 0.9599340933318132
 11 33 0.9945857697899605
 11 34 1.0036732407727806
 11 35 1.0573078279204808
 11 36 1.0891869755668697
 11 37 1.1140776823923964
 11 38 1.137904929972804
 11 39 1.158199007179657
 11 40 1.1754202645503053
 11 41 1.1860067461017183
 11 42 1.1911750991560648
 12 1 0.6036527548559854
 12 2 0.5564125924633445
 12 3 0.5033934749628072
 12 4 0.4470266498734822
 12 5 0.3941320896849078
 12 6 0.33959030572375154
 12 7 0.28499812935420665
 12 8 0.2281323226730779
 12 9 0.17173129771537543
 12 10 0.1140490016282027
 12 11 0.05774480853204654
 12 12 0.
 12 13 0.057521746360896145
 12 14 0.11511406190465598
 12 15 0.17260833064835218
 12 16 0.22821998900982957
 12 17 0.28098146671462604
 12 18 0.32486859575094335
 12 19 0.36163659909913604
 12 20 0.39522535027679234
 12 21 0.4406118768799295
 12 22 0.4826274734057496
 12 23 0.5291882372437839
 12 24 0.5726756993942882
 12 25 0.6203527021424841
 12 26 0.6683616498199381
 12 27 0.7175135008178612
 12 28 0.7631877971843479
 12 29 0.8108008789019991
 12 30 0.8224790646523118
 12 31 0.8956373070582289
 12 32 0.935935584427118
 12 33 0.9720499627284745
 12 34 0.9815116711688876
 12 35 1.0372199396494481
 12 36 1.0704790227775556
 12 37 1.0965474049271926
 12 38 1.1214013607710165
 12 39 1.1426717518643028
 12 40 1.1609213665253248
 12 41 1.1725691218613012
 12 42 1.1791262492113235
 13 1 0.6560196742877148
 13 2 0.6095423440242419
 13 3 0.5571927607359459
 13 4 0.501411896235328
 13 5 0.44914629668121075
 13 6 0.39519945170929516
 13 7 0.34101575126637945
 13 8 0.2844663348447431
 13 9 0.22846477530850157
 13 10 0.17100050879292297
 13 11 0.11474930451424067
 13 12 0.057521746360896145
 13 13 0.
 13 14 0.058418823015398774
 13 15 0.11592102709416814
 13 16 0.17191155976727587
 13 17 0.22589487838816794
 13 18 0.27206219042026236
 13 19 0.31176156130744676
 13 20 0.3488501829115105
 13 21 0.3969650766121912
 13 22 0.4419323079648387
 13 23 0.4910589453158913
 13 24 0.5369711522607099
 13 25 0.5866537367678886
 13 26 0.63644148367886
 13 27 0.6872041731212702
 13 28 0.734465013297336
 13 29 0.783737339109919
 13 30 0.7958591694033842
 13 31 0.871466467645947
 13 32 0.9132748937297647
 13 33 0.9508217039300259
 13 34 0.9606589106154455
 13 35 1.0184380918061353
 13 36 1.0531070202185706
 13 37 1.080411415246257
 13 38 1.1063353085000076
 13 39 1.1286625793884768
 13 40 1.148026730459756
 13 41 1.1608559915186198
 13 42 1.1689544663939968
 14 1 0.707258571801672
 14 2 0.6617323764768875
 14 3 0.6102103043615589
 14 4 0.5551183767163022
 14 5 0.5036353920748491
 14 6 0.4504212144383184
 14 7 0.3967823542663823
 14 8 0.34075151405382753
 14 9 0.28520995697126705
 14 10 0.2280977271168913
 14 11 0.17229759350382534
 14 12 0.11511406190465598
 14 13 0.058418823015398774
 14 14 0.
 14 15 0.05867596085029184
 14 16 0.11491627548387909
 14 17 0.17025858527588852
 14 18 0.21908060540228266
 14 19 0.26250705142538094
 14 20 0.30361984904281203
 14 21 0.354620820931532
 14 22 0.40266995152684465
 14 23 0.45426896096088965
 14 24 0.5025618495392552
 14 25 0.5540867530858692
 14 26 0.6054888531387548
 14 27 0.6577058167746619
 14 28 0.7064241457371734
 14 29 0.7573126903353514
 14 30 0.769874423322246
 14 31 0.8478814443026533
 14 32 0.8912411160477273
 14 33 0.9302930517310707
 14 34 0.9405389342578785
 14 35 1.0005793418302613
 14 36 1.0367941982569615
 14 37 1.065505439549734
 14 38 1.0927209439691061
 14 39 1.1163016660328398
 14 40 1.1369934055204152
 14 41 1.1512153702467607
 14 42 1.1611596287904613
 15 1 0.7583472715089857
 15 2 0.7136415953079336
 15 3 0.662880144200849
 15 4 0.6085617310176363
 15 5 0.5578658249834613
 15 6 0.5054474108338134
 15 7 0.45225903945780127
 15 8 0.39665502498861943
 15 9 0.3415869707082974
 15 10 0.2848822305370451
 15 11 0.2296663012579028
 15 12 0.17260833064835218
 15 13 0.11592102709416814
 15 14 0.05867596085029184
 15 15 0.
 15 16 0.05753339563220485
 15 17 0.11404311567005461
 15 18 0.16595485907464816
 15 19 0.21338202455735944
 15 20 0.25877919926359827
 15 21 0.31256388180436023
 15 22 0.36352844688564756
 15 23 0.41746654028453284
 15 24 0.4680354227741891
 15 25 0.5212012921918567
 15 26 0.5740230624882021
 15 27 0.6274893554517319
 15 28 0.6775802030331809
 15 29 0.7299033588083647
 15 30 0.7428681450044142
 15 31 0.8230676427471844
 15 32 0.8678503911010959
 15 33 0.9082758274124308
 15 34 0.9188930693822372
 15 35 0.9810110509801697
 15 36 1.0186469258552222
 15 37 1.0486799887597247
 15 38 1.0770569777772796
 15 39 1.1018508004981151
 15 40 1.1238022727796884
 15 41 1.1393968126061715
 15 42 1.1511474673788762
 16 1 0.8052540572715309
 16 2 0.7614960788382833
 16 3 0.711700484561836
 16 4 0.6583360547009385
 16 5 0.6085984747665264
 16 6 0.5571808400958923
 16 7 0.5046647597122257
 16 8 0.4497175415741086
 16 9 0.39537552851401103
 16 10 0.33938741137012124
 16 11 0.2848261518036537
 16 12 0.22821998900982957
 16 13 0.17191155976727587
 16 14 0.11491627548387909
 16 15 0.05753339563220485
 16 16 0.
 16 17 0.05839736377161162
 16 18 0.11340746615476567
 16 19 0.1648572814383509
 16 20 0.2146137552407446
 16 21 0.2702454453988848
 16 22 0.3235203836726575
 16 23 0.37910688593050434
 16 24 0.43140325894507897
 16 25 0.48575472036882406
 16 26 0.5396519207311467
 16 27 0.5940289500854364
 16 28 0.6451589521873122
 16 29 0.6986795103606983
 16 30 0.7119936218226348
 16 31 0.7940585005521047
 16 32 0.8401428420528675
 16 33 0.8818710343592575
 16 34 0.8928460029500968
 16 35 0.9570107885205316
 16 36 0.9960677168858824
 16 37 1.0274917425934031
 16 38 1.057114940459662
 16 39 1.0832190383320035
 16 40 1.1065614610468062
 16 41 1.123659840044589
 16 42 1.1373976723400658
 17 1 0.8458044223069054
 17 2 0.8030197031101384
 17 3 0.7542660620186706
 17 4 0.7021079859914054
 17 5 0.6535948121453359
 17 6 0.6034555558338859
 17 7 0.5517631219835942
 17 8 0.4978020558481176
 17 9 0.44455944565091426
 17 10 0.3897450078655428
 17 11 0.3365448981553835
 17 12 0.28098146671462604
 17 13 0.22589487838816794
 17 14 0.17025858527588852
 17 15 0.11404311567005461
 17 16 0.05839736377161162
 17 17 0.
 17 18 0.058187717798747506
 17 19 0.11272217580878147
 17 20 0.16596978847202154
 17 21 0.2225733158746794
 17 22 0.27762806919127747
 17 23 0.33447512852557054
 17 24 0.3882996489307938
 17 25 0.4436204171852509
 17 26 0.4984131448082634
 17 27 0.5536459558573055
 17 28 0.6058172980538213
 17 29 0.6605632932072973
 17 30 0.6742653070736981
 17 31 0.7584810140246644
 17 32 0.8060975891000071
 17 33 0.8493910715068452
 17 34 0.8608075849538344
 17 35 0.92759382240698
 17 36 0.9684528911410172
 17 37 1.001697348700776
 17 38 1.0330319702941566
 17 39 1.0609914872238277
 17 40 1.086205642912831
 17 41 1.1053143979219693
 17 42 1.1215419618750215
 18 1 0.8741904124657884
 18 2 0.8322775133575077
 18 3 0.7846146561790717
 18 4 0.7337542922827786
 18 5 0.6864770404021934
 18 6 0.6376658963795452
 18 7 0.587181377867957
 18 8 0.534583062581219
 18 9 0.4829118399554786
 18 10 0.4298774999731964
 18 11 0.37862414141274936
 18 12 0.32486859575094335
 18 13 0.27206219042026236
 18 14 0.21908060540228266
 18 15 0.16595485907464816
 18 16 0.11340746615476567
 18 17 0.058187717798747506
 18 18 0.
 18 19 0.05638710529218776
 18 20 0.11095519671533033
 18 21 0.16733787842588901
 18 22 0.22300342616211538
 18 23 0.28020170509322545
 18 24 0.3347596379342602
 18 25 0.39050395993179204
 18 26 0.44579965193242305
 18 27 0.5015329526721533
 18 28 0.5543619820526694
 18 29 0.609922335299909
 18 30 0.6238884451261051
 18 31 0.7096891252133686
 18 32 0.7584973908675172
 18 33 0.8030964543482945
 18 34 0.8148783418790467
 18 35 0.8839758563133896
 18 36 0.9264692789593058
 18 37 0.9614232362167006
 18 38 0.9944800710648019
 18 39 1.0243404036302874
 18 40 1.0515134408507314
 18 41 1.0726889311566383
 18 42 1.0914590451168895
 19 1 0.893559230900788
 19 2 0.8522678464876209
 19 3 0.805568887863276
 19 4 0.7560048814166891
 19 5 0.7099785538751676
 19 6 0.6625559382074044
 19 7 0.6133816480187261
 19 8 0.5623707721131811
 19 9 0.5125462717017214
 19 10 0.46171916107873107
 19 11 0.412845098168707
 19 12 0.36163659909913604
 19 13 0.31176156130744676
 19 14 0.26250705142538094
 19 15 0.21338202455735944
 19 16 0.1648572814383509
 19 17 0.11272217580878147
 19 18 0.05638710529218776
 19 19 0.
 19 20 0.05628599101248232
 19 21 0.11210041466125042
 19 22 0.1681595103040947
 19 23 0.22592125587586606
 19 24 0.281215548872692
 19 25 0.3374462580789865
 19 26 0.39332174329167896
 19 27 0.44971269779438355
 19 28 0.5032996985863596
 19 29 0.5595619972985675
 19 30 0.5737830116232643
 19 31 0.6611552838175829
 19 32 0.7111103950751464
 19 33 0.7568933560915947
 19 34 0.7690141465248195
 19 35 0.84030631329162
 19 36 0.8843063887584857
 19 37 0.9208863485470249
 19 38 0.9556032562580439
 19 39 0.9873146024959734
 19 40 1.01637461883216
 19 41 1.0395315646877032
 19 42 1.0606529400574276
 20 1 0.9071329278166695
 20 2 0.8665371417442407
 20 3 0.8209344990391261
 20 4 0.7727500393625145
 20 5 0.7280933124991882
 20 6 0.6821762093726623
 20 7 0.6346053410019072
 20 8 0.5854424771186547
 20 9 0.5377883250565305
 20 10 0.4895102059927249
 20 11 0.44341856101699395
 20 12 0.39522535027679234
 20 13 0.3488501829115105
 20 14 0.30361984904281203
 20 15 0.25877919926359827
 20 16 0.2146137552407446
 20 17 0.16596978847202154
 20 18 0.11095519671533033
 20 19 0.05628599101248232
 20 20 0.
 20 21 0.05812122799464249
 20 22 0.1139279983270444
 20 23 0.17186309115014364
 20 24 0.22739465863717237
 20 25 0.28369887848933206
 20 26 0.33988987749912053
 20 27 0.396670062925333
 20 28 0.4507634666952064
 20 29 0.5074896952198288
 20 30 0.5218974672067759
 20 31 0.6105304700302674
 20 32 0.6614699920503314
 20 33 0.7082754107936542
 20 34 0.7206986645073601
 20 35 0.7939712476270562
 20 36 0.839429751058895
 20 37 0.8775510225389819
 20 38 0.9139459184828894
 20 39 0.9475349091382579
 20 40 0.9784969623066131
 20 41 1.0036436299865
 20 42 1.0270901254545106
 21 1 0.9314257989416117
 21 2 0.8918636508360879
 21 3 0.8476102578626982
 21 4 0.8011251286287701
 21 5 0.7580412567231558
 21 6 0.7139250499020446
 21 7 0.6681351775538619
 21 8 0.6210160471023077
 21 9 0.5755878109859743
 21 10 0.5298021891834119
 21 11 0.4862095964982293
 21 12 0.4406118768799295
 21 13 0.3969650766121912
 21 14 0.354620820931532
 21 15 0.31256388180436023
 21 16 0.2702454453988848
 21 17 0.2225733158746794
 21 18 0.16733787842588901
 21 19 0.11210041466125042
 21 20 0.05812122799464249
 21 21 0.
 21 22 0.057091969415143926
 21 23 0.11545279224035082
 21 24 0.1717372006544999
 21 25 0.2284327488715263
 21 26 0.2851393311392785
 21 27 0.34243593292478225
 21 28 0.39711785782788733
 21 29 0.4544465350690791
 21 30 0.4690606036563994
 21 31 0.5589661378380725
 21 32 0.6109077789852826
 21 33 0.6588089960933144
 21 34 0.6715546333061827
 21 35 0.7469224220132742
 21 36 0.793820027040267
 21 37 0.833475490086385
 21 38 0.8714218160716963
 21 39 0.9067883511324647
 21 40 0.939536025637731
 21 41 0.9665654428057214
 21 42 0.9922946129719539
 22 1 0.9509273608001567
 22 2 0.912416453665738
 22 3 0.8696401809369643
 22 4 0.8249072910809224
 22 5 0.783495250433718
 22 6 0.7412080136141277
 22 7 0.6973960659711859
 22 8 0.6524763233533114
 22 9 0.6094272451055973
 22 10 0.566301729790228
 22 11 0.5254239605012271
 22 12 0.4826274734057496
 22 13 0.4419323079648387
 22 14 0.40266995152684465
 22 15 0.36352844688564756
 22 16 0.3235203836726575
 22 17 0.27762806919127747
 22 18 0.22300342616211538
 22 19 0.1681595103040947
 22 20 0.1139279983270444
 22 21 0.057091969415143926
 22 22 0.
 22 23 0.05926675779871541
 22 24 0.115599133536419
 22 25 0.17241090038101692
 22 26 0.22932587027890963
 22 27 0.2869246163653786
 22 28 0.3419591060890752
 22 29 0.39959995160406553
 22 30 0.41432203256153566
 22 31 0.5049796323437065
 22 32 0.5575978063729766
 22 33 0.606260366268038
 22 34 0.6192287007975166
 22 35 0.6961538518662763
 22 36 0.7441668109281913
 22 37 0.7850830427023567
 22 38 0.824373254863799
 22 39 0.8612753420848095
 22 40 0.8956053619712496
 22 41 0.9243294823759044
 22 42 0.9521431101864695
 23 1 0.9741146660169708
 23 2 0.9369515731181832
 23 3 0.8959381504834799
 23 4 0.8530825657695341
 23 5 0.8135630218678097
 23 6 0.7732956564149973
 23 7 0.7316192006046943
 23 8 0.689008936207204
 23 9 0.64837885286264
 23 10 0.6078225591537814
 23 11 0.5694136845692053
 23 12 0.5291882372437839
 23 13 0.4910589453158913
 23 14 0.45426896096088965
 23 15 0.41746654028453284
 23 16 0.37910688593050434
 23 17 0.33447512852557054
 23 18 0.28020170509322545
 23 19 0.22592125587586606
 23 20 0.17186309115014364
 23 21 0.11545279224035082
 23 22 0.05926675779871541
 23 23 0.
 23 24 0.05722724373487183
 23 25 0.11396885149925208
 23 26 0.17109162076699688
 23 27 0.2289107266868102
 23 28 0.2841356546756924
 23 29 0.34210526801109153
 23 30 0.356985632961941
 23 31 0.44866776476386977
 23 32 0.5021827336841115
 23 33 0.5518641742695177
 23 34 0.5651330952307984
 23 35 0.6440534281688146
 23 36 0.693506451800574
 23 37 0.7360034441240159
 23 38 0.7769640147733506
 23 39 0.8157304514152219
 23 40 0.8519683729116694
 23 41 0.8826756328082568
 23 42 0.9129395588221028
 24 1 0.9956382672202702
 24 2 0.9597251164207974
 24 3 0.9203378399609274
 24 4 0.879253090909588
 24 5 0.8414751680809243
 24 6 0.8030845901617789
 24 7 0.7634449605444
 24 8 0.7230127582671869
 24 9 0.6846425252265063
 24 10 0.6465099165527309
 24 11 0.6104587957959197
 24 12 0.5726756993942882
 24 13 0.5369711522607099
 24 14 0.5025618495392552
 24 15 0.4680354227741891
 24 16 0.43140325894507897
 24 17 0.3882996489307938
 24 18 0.3347596379342602
 24 19 0.281215548872692
 24 20 0.22739465863717237
 24 21 0.1717372006544999
 24 22 0.115599133536419
 24 23 0.05722724373487183
 24 24 0.
 24 25 0.05740289665622286
 24 26 0.11438646324747394
 24 27 0.17225140451723636
 24 28 0.22757479525189572
 24 29 0.2857374339374165
 24 30 0.3006811199891977
 24 31 0.39297504535647054
 24 32 0.4471677036510186
 24 33 0.4976520333285186
 24 34 0.511155527401843
 24 35 0.5917174599395197
 24 36 0.6424046711514879
 24 37 0.6863191181588038
 24 38 0.7287872904668597
 24 39 0.7692407040768448
 24 40 0.8072225861266877
 24 41 0.839785166048148
 24 42 0.8723293102066215
 25 1 1.0217521479865144
 25 2 0.9872076722962891
 25 3 0.949588067412387
 25 4 0.9103342412526229
 25 5 0.8743684474216
 25 6 0.8378497795709773
 25 7 0.8003131496043897
 25 8 0.762029427800801
 25 9 0.7258818151934081
 25 10 0.6899890093257128
 25 11 0.6560130865893652
 25 12 0.6203527021424841
 25 13 0.5866537367678886
 25 14 0.5540867530858692
 25 15 0.5212012921918567
 25 16 0.48575472036882406
 25 17 0.4436204171852509
 25 18 0.39050395993179204
 25 19 0.3374462580789865
 25 20 0.28369887848933206
 25 21 0.2284327488715263
 25 22 0.17241090038101692
 25 23 0.11396885149925208
 25 24 0.05740289665622286
 25 25 0.
 25 26 0.05768276037654357
 25 27 0.11567102423979991
 25 28 0.17117311527458992
 25 29 0.22964952792378723
 25 30 0.2447530069094808
 25 31 0.3381084730829421
 25 32 0.3933510058848965
 25 33 0.4449208268134229
 25 34 0.4587611891258619
 25 35 0.5414742724458084
 25 36 0.5937396712872712
 25 37 0.6394032138813207
 25 38 0.6836768704333545
 25 39 0.7261668495461826
 25 40 0.7662404128005031
 25 41 0.80099029077118
 25 42 0.8362467577504992
 26 1 1.0493930606191229
 26 2 1.0162425174027045
 26 3 0.9803495504783641
 26 4 0.9428929565718654
 26 5 0.9086990132515786
 26 6 0.8740095274480623
 26 7 0.8384236008840866
 26 8 0.8021252347144732
 26 9 0.7679772569217522
 26 10 0.7341568057514448
 26 11 0.702108755187326
 26 12 0.6683616498199381
 26 13 0.63644148367886
 26 14 0.6054888531387548
 26 15 0.5740230624882021
 26 16 0.5396519207311467
 26 17 0.4984131448082634
 26 18 0.44579965193242305
 26 19 0.39332174329167896
 26 20 0.33988987749912053
 26 21 0.2851393311392785
 26 22 0.22932587027890963
 26 23 0.17109162076699688
 26 24 0.11438646324747394
 26 25 0.05768276037654357
 26 26 0.
 26 27 0.058512044438756045
 26 28 0.11430344628752709
 26 29 0.17297327438378615
 26 30 0.1882158035701034
 26 31 0.2825050228713212
 26 32 0.3387004868065658
 26 33 0.39136093830677604
 26 34 0.40553210849590804
 26 35 0.4902997912953417
 26 36 0.5440950188130587
 26 37 0.5914623638917716
 26 38 0.6375191958052436
 26 39 0.6819993002697786
 26 40 0.7240587978347757
 26 41 0.7609782303481922
 26 42 0.7988903436748271
 27 1 1.0783003974530665
 27 2 1.0466517560449036
 27 3 1.012575093204879
 27 4 0.9770031441661878
 27 5 0.9446242235515968
 27 6 0.9118193038482343
 27 7 0.8782079270745607
 27 8 0.843864316436516
 27 9 0.8116708285893103
 27 10 0.779798912679127
 27 11 0.7495399103250477
 27 12 0.7175135008178612
 27 13 0.6872041731212702
 27 14 0.6577058167746619
 27 15 0.6274893554517319
 27 16 0.5940289500854364
 27 17 0.5536459558573055
 27 18 0.5015329526721533
 27 19 0.44971269779438355
 27 20 0.396670062925333
 27 21 0.34243593292478225
 27 22 0.2869246163653786
 27 23 0.2289107266868102
 27 24 0.17225140451723636
 27 25 0.11567102423979991
 27 26 0.058512044438756045
 27 27 0.
 27 28 0.05660787748546433
 27 29 0.11536484523442796
 27 30 0.13073366476578105
 27 31 0.2259558503833848
 27 32 0.2831496311820693
 27 33 0.33694885133715424
 27 34 0.35144991143010096
 27 35 0.43831206019942626
 27 36 0.4936852428057042
 27 37 0.5428419094304306
 27 38 0.5907200339911002
 27 39 0.637231534800936
 27 40 0.6813637375079125
 27 41 0.7204828928277067
 27 42 0.7611510334328394
 28 1 1.1051387488814812
 28 2 1.0748359644650043
 28 3 1.0424768151483208
 28 4 1.0085779461799915
 28 5 0.9778769914815553
 28 6 0.9467367735786332
 28 7 0.9150019508204126
 28 8 0.882528399657999
 28 9 0.8521803332278407
 28 10 0.8221382603404207
 28 11 0.7935199567424043
 28 12 0.7631877971843479
 28 13 0.734465013297336
 28 14 0.7064241457371734
 28 15 0.6775802030331809
 28 16 0.6451589521873122
 28 17 0.6058172980538213
 28 18 0.5543619820526694
 28 19 0.5032996985863596
 28 20 0.4507634666952064
 28 21 0.39711785782788733
 28 22 0.3419591060890752
 28 23 0.2841356546756924
 28 24 0.22757479525189572
 28 25 0.17117311527458992
 28 26 0.11430344628752709
 28 27 0.05660787748546433
 28 28 0.
 28 29 0.0596573530313837
 28 30 0.07506133739165664
 28 31 0.17094666864122773
 28 32 0.22903097331321054
 28 33 0.2838471425815762
 28 34 0.2986427606883354
 28 35 0.3874117939874585
 28 36 0.4442267997616194
 28 37 0.49504983203431296
 28 38 0.544606467668297
 28 39 0.5930170446859749
 28 40 0.6390740712449334
 28 41 0.6802259161257724
 28 42 0.7234855186241155
 29 1 1.133457760175441
 29 2 1.1044764584210751
 29 3 1.0737985705621824
 29 4 1.0416501354644088
 29 5 1.0126523090387092
 29 6 0.9832360991536996
 29 7 0.9534207905351103
 29 8 0.9228231170913341
 29 9 0.8943535466089465
 29 10 0.866252215625005
 29 11 0.8393461316757832
 29 12 0.8108008789019991
 29 13 0.783737339109919
 29 14 0.7573126903353514
 29 15 0.7299033588083647
 29 16 0.6986795103606983
 29 17 0.6605632932072973
 29 18 0.609922335299909
 29 19 0.5595619972985675
 29 20 0.5074896952198288
 29 21 0.4544465350690791
 29 22 0.39959995160406553
 29 23 0.34210526801109153
 29 24 0.2857374339374165
 29 25 0.22964952792378723
 29 26 0.17297327438378615
 29 27 0.11536484523442796
 29 28 0.0596573530313837
 29 29 0.
 29 30 0.015843553984502344
 29 31 0.11262291882482897
 29 32 0.17145658837825314
 29 33 0.2271991614719892
 29 34 0.24228033321756334
 29 35 0.33279511222462416
 29 36 0.39098102180112715
 29 37 0.44340171249881355
 29 38 0.494618716734402
 29 39 0.5449111524483892
 29 40 0.5929077865012302
 29 41 0.6361385105015609
 29 42 0.6820426814332448
 30 1 1.140368068979322
 30 2 1.1116928484132182
 30 3 1.0814263399784296
 30 4 1.0497071739140673
 30 5 1.0211124078411082
 30 6 0.9921077144886727
 30 7 0.9627708845938536
 30 8 0.9326494552913619
 30 9 0.9046448763554302
 30 10 0.8770250863133098
 30 11 0.8505682618911834
 30 12 0.8224790646523118
 30 13 0.7958591694033842
 30 14 0.769874423322246
 30 15 0.7428681450044142
 30 16 0.7119936218226348
 30 17 0.6742653070736981
 30 18 0.6238884451261051
 30 19 0.5737830116232643
 30 20 0.5218974672067759
 30 21 0.4690606036563994
 30 22 0.41432203256153566
 30 23 0.356985632961941
 30 24 0.3006811199891868
 30 25 0.2447530069094808
 30 26 0.1882158035701034
 30 27 0.13073366476578105
 30 28 0.07506133739165664
 30 29 0.015843553984502344
 30 30 0.
 30 31 0.09686545896336379
 30 32 0.155813232242979
 30 33 0.21168763451190237
 30 34 0.22681606652976152
 30 35 0.3176530755784112
 30 36 0.3761080116313765
 30 37 0.428863648011771
 30 38 0.48042159273250795
 30 39 0.531128030232936
 30 40 0.5795378621368104
 30 41 0.6232281336783999
 30 42 0.6697323913251625
 31 1 1.1856574565684037
 31 2 1.158861945877582
 31 3 1.1310952156229268
 31 4 1.101967743985908
 31 5 1.075791439079417
 31 6 1.0492343827305946
 31 7 1.0227025665667673
 31 8 0.9953315265874174
 31 9 0.9699839085451045
 31 10 0.9451309579223751
 31 11 0.9211685167217013
 31 12 0.8956373070582289
 31 13 0.871466467645947
 31 14 0.8478814443026533
 31 15 0.8230676427471844
 31 16 0.7940585005521047
 31 17 0.7584810140246644
 31 18 0.7096891252133686
 31 19 0.6611552838175829
 31 20 0.6105304700302674
 31 21 0.5589661378380725
 31 22 0.5049796323437065
 31 23 0.44866776476386977
 31 24 0.39297504535647054
 31 25 0.3381084730829421
 31 26 0.2825050228713212
 31 27 0.2259558503833848
 31 28 0.17094666864122773
 31 29 0.11262291882482897
 31 30 0.09686545896336379
 31 31 0.
 31 32 0.05994973958414047
 31 33 0.1166943814154726
 31 34 0.13214673342103217
 31 35 0.22501406010052838
 31 36 0.28515335030994055
 31 37 0.340042056148839
 31 38 0.3937548014516988
 31 39 0.4470526330539785
 31 40 0.4980692165166678
 31 41 0.5446784607206354
 31 42 0.5950294938732967
 32 1 1.2101884041774509
 32 2 1.1843797752794138
 32 3 1.1579574210435102
 32 4 1.1302954203254483
 32 5 1.105462729479022
 32 6 1.080249954766163
 32 7 1.0553141193212185
 32 8 1.029480905250729
 32 9 1.0056448285692308
 32 10 0.9824151618453697
 32 11 0.9599340933318132
 32 12 0.935935584427118
 32 13 0.9132748937297647
 32 14 0.8912411160477273
 32 15 0.8678503911010959
 32 16 0.8401428420528675
 32 17 0.8060975891000071
 32 18 0.7584973908675172
 32 19 0.7111103950751464
 32 20 0.6614699920503314
 32 21 0.6109077789852826
 32 22 0.5575978063729766
 32 23 0.5021827336841115
 32 24 0.4471677036510186
 32 25 0.3933510058848965
 32 26 0.3387004868065658
 32 27 0.2831496311820693
 32 28 0.22903097331321054
 32 29 0.17145658837825314
 32 30 0.155813232242979
 32 31 0.05994973958414047
 32 32 0.
 32 33 0.057387821656440095
 32 34 0.0728380713002717
 32 35 0.166223750054217
 32 36 0.2270264864251676
 32 37 0.28285254191333487
 32 38 0.33756108985746314
 32 39 0.3920871714170775
 32 40 0.44440518936425893
 32 41 0.4925007235011919
 32 42 0.5448711924643682
 33 1 1.2319612028613172
 33 2 1.2069618424616777
 33 3 1.1817471781182773
 33 4 1.1553917297131615
 33 5 1.1317521590913464
 33 6 1.1077406193582187
 33 7 1.0842638399052624
 33 8 1.0598745598271597
 33 9 1.0374258122162618
 33 10 1.0156982417167058
 33 11 0.9945857697899605
 33 12 0.9720499627284745
 33 13 0.9508217039300259
 33 14 0.9302930517310707
 33 15 0.9082758274124308
 33 16 0.8818710343592575
 33 17 0.8493910715068452
 33 18 0.8030964543482945
 33 19 0.7568933560915947
 33 20 0.7082754107936542
 33 21 0.6588089960933144
 33 22 0.606260366268038
 33 23 0.5518641742695177
 33 24 0.4976520333285186
 33 25 0.4449208268134229
 33 26 0.39136093830677604
 33 27 0.33694885133715424
 33 28 0.2838471425815762
 33 29 0.2271991614719892
 33 30 0.21168763451190237
 33 31 0.1166943814154726
 33 32 0.057387821656440095
 33 33 0.
 33 34 0.01573374502274719
 33 35 0.10972680542482686
 33 36 0.1709024965669649
 33 37 0.22747261380892483
 33 38 0.282945903767842
 33 39 0.3385137471346498
 33 40 0.3919280373150432
 33 41 0.44132396374037436
 33 42 0.49553669212350093
 34 1 1.237876208801093
 34 2 1.2130646511753904
 34 3 1.188139571051502
 34 4 1.1621070558049607
 34 5 1.138754369647931
 34 6 1.115034667638809
 34 7 1.091923883476675
 34 8 1.0678875880331744
 34 9 1.0457822793540799
 34 10 1.0244355948105655
 34 11 1.0036732407727806
 34 12 0.9815116711688876
 34 13 0.9606589106154455
 34 14 0.9405389342578785
 34 15 0.9188930693822372
 34 16 0.8928460029500968
 34 17 0.8608075849538344
 34 18 0.8148783418790467
 34 19 0.7690141465248195
 34 20 0.7206986645073601
 34 21 0.6715546333061827
 34 22 0.6192287007975166
 34 23 0.5651330952307984
 34 24 0.511155527401843
 34 25 0.4587611891258619
 34 26 0.40553210849590804
 34 27 0.35144991143010096
 34 28 0.2986427606883354
 34 29 0.24228033321756334
 34 30 0.22681606652976152
 34 31 0.13214673342103217
 34 32 0.0728380713002717
 34 33 0.01573374502274719
 34 34 0.
 34 35 0.09409230363417119
 34 36 0.1553212857504319
 34 37 0.21205658252481896
 34 38 0.267706613320984
 34 39 0.3234993982227502
 34 40 0.3771740395373891
 34 41 0.42687895639458756
 34 42 0.4815407206789865
 35 1 1.274140364740742
 35 2 1.2503494312959627
 35 3 1.2270329365154133
 35 4 1.2027738868812312
 35 5 1.1810072737870687
 35 6 1.1588586989419156
 35 7 1.1377623117950424
 35 8 1.115655496016423
 35 9 1.0954071278845472
 35 10 1.076148468373159
 35 11 1.0573078279204808
 35 12 1.0372199396494481
 35 13 1.0184380918061353
 35 14 1.0005793418302613
 35 15 0.9810110509801697
 35 16 0.9570107885205316
 35 17 0.92759382240698
 35 18 0.8839758563133896
 35 19 0.84030631329162
 35 20 0.7939712476270562
 35 21 0.7469224220132742
 35 22 0.6961538518662763
 35 23 0.6440534281688146
 35 24 0.5917174599395197
 35 25 0.5414742724458084
 35 26 0.4902997912953417
 35 27 0.43831206019942626
 35 28 0.3874117939874585
 35 29 0.33279511222462416
 35 30 0.3176530755784112
 35 31 0.22501406010052838
 35 32 0.166223750054217
 35 33 0.10972680542482686
 35 34 0.09409230363417119
 35 35 0.
 35 36 0.062052138564054164
 35 37 0.11970076530803085
 35 38 0.17637268634127637
 35 39 0.2335724596638606
 35 40 0.2887864874355154
 35 41 0.34046498055812474
 35 42 0.3979454474558759
 36 1 1.294590576733328
 36 2 1.2714249594615146
 36 3 1.2491332812673241
 36 4 1.226063081277734
 36 5 1.2053229971407764
 36 6 1.1842314567257906
 36 7 1.1644297421185443
 36 8 1.143621514562814
 36 9 1.1245888330877067
 36 10 1.10671850426803
 36 11 1.0891869755668697
 36 12 1.0704790227775556
 36 13 1.0531070202185706
 36 14 1.0367941982569615
 36 15 1.0186469258552222
 36 16 0.9960677168858824
 36 17 0.9684528911410172
 36 18 0.9264692789593058
 36 19 0.8843063887584857
 36 20 0.839429751058895
 36 21 0.7938200270402634
 36 22 0.7441668109281913
 36 23 0.693506451800574
 36 24 0.6424046711514879
 36 25 0.5937396712872712
 36 26 0.5440950188130587
 36 27 0.4936852428057042
 36 28 0.4442267997616194
 36 29 0.39098102180112715
 36 30 0.3761080116313765
 36 31 0.28515335030994055
 36 32 0.2270264864251676
 36 33 0.1709024965669649
 36 34 0.1553212857504319
 36 35 0.062052138564054164
 36 36 0.
 36 37 0.05844931343982772
 36 38 0.11552797886659316
 36 39 0.17328997515877917
 36 40 0.229204467463584
 36 41 0.2819173148678396
 36 42 0.3410120192763213
 37 1 1.3109961447847227
 37 2 1.2881771352955544
 37 3 1.266570570747361
 37 4 1.2443616595578948
 37 5 1.2243197558667898
 37 6 1.2039668243748223
 37 7 1.1851637003536886
 37 8 1.1653511117250202
 37 9 1.1472600317021675
 37 10 1.1305353829707658
 37 11 1.1140776823923964
 37 12 1.0965474049271926
 37 13 1.080411415246257
 37 14 1.065505439549734
 37 15 1.0486799887597247
 37 16 1.0274917425934031
 37 17 1.001697348700776
 37 18 0.9614232362167006
 37 19 0.9208863485470249
 37 20 0.8775510225389819
 37 21 0.833475490086385
 37 22 0.7850830427023567
 37 23 0.7360034441240159
 37 24 0.6863191181588038
 37 25 0.6394032138813207
 37 26 0.5914623638917716
 37 27 0.5428419094304306
 37 28 0.49504983203431296
 37 29 0.44340171249881355
 37 30 0.428863648011771
 37 31 0.340042056148839
 37 32 0.28285254191333487
 37 33 0.22747261380892483
 37 34 0.21205658252481896
 37 35 0.11970076530803085
 37 36 0.05844931343982772
 37 37 0.
 37 38 0.05750188085737572
 37 39 0.11549722222502165
 37 40 0.17181473882975554
 37 41 0.22524594468589276
 37 42 0.28554953333759375
 38 1 1.3271290772725404
 38 2 1.3046463081873192
 38 3 1.2836867186226772
 38 4 1.26229858155198
 38 5 1.242904363582552
 38 6 1.2232415485397723
 38 7 1.2053244546587567
 38 8 1.1863965641398002
 38 9 1.169144101984649
 38 10 1.153415902569348
 38 11 1.137904929972804
 38 12 1.1214013607710165
 38 13 1.1063353085000076
 38 14 1.0927209439691061
 38 15 1.0770569777772796
 38 16 1.057114940459662
 38 17 1.0330319702941566
 38 18 0.9944800710648019
 38 19 0.9556032562580439
 38 20 0.9139459184828894
 38 21 0.8714218160716963
 38 22 0.824373254863799
 38 23 0.7769640147733506
 38 24 0.7287872904668597
 38 25 0.6836768704333545
 38 26 0.6375191958052436
 38 27 0.5907200339911002
 38 28 0.544606467668297
