   0.0000   1.0099   1.9065   1.7182   2.1229   2.6116   2.2547   0.6663   1.3126   0.8692   2.5328   2.2772   1.6278   2.4160   0.9157   1.4985   1.1597   0.4629   0.8395   2.2205   1.5599   2.5592   0.2483   0.9186   1.3686   1.9122   2.6021   0.2816   2.6621   2.4859   0.7174   0.6911   2.6170   2.5029   2.4842   1.0618   0.9189   1.8326   0.8475   2.7037   0.7647   1.8742   1.2252   1.1585   2.7253   2.6590   1.9138   0.4117   0.7391   0.8984   2.8439   1.3340   2.0263   0.9033   1.5432   1.9656   0.9802   2.0295   1.1971   1.9503   2.5070   1.4749   1.1410   1.0918   2.4679   1.4710   2.3863   2.0927   0.2724   1.1525   1.5850   0.4200
   1.0099   0.0000   1.8506   1.2783   1.1867   2.1331   1.7915   1.6402   2.0633   1.8792   1.7168   1.9496   1.4704   1.9675   0.9530   2.3854   0.8002   0.7645   0.8281   2.5668   1.3661   1.8807   0.9817   1.4621   2.3733   1.2200   1.6775   0.9869   2.0643   2.0140   1.4054   0.9709   1.8967   2.4431   1.5883   1.3396   1.8226   2.2319   1.8203   2.4743   1.1975   2.1243   1.1790   2.1645   2.2263   1.7552   1.2784   1.1159   1.6083   1.8361   1.8677   2.3439   1.0779   1.1523   0.5536   1.0310   1.9878   3.0194   1.0329   1.1604   1.4972   2.3464   1.3520   0.5413   1.7259   1.9982   2.4570   1.8282   1.2401   1.0552   1.6209   0.7403
   1.9065   1.8506   0.0000   2.5613   1.8294   0.7060   0.4372   1.5506   2.2194   1.6865   0.8532   0.3784   0.3916   0.5232   2.7482   1.8857   2.6281   2.2747   1.2295   1.7783   0.4963   0.7272   2.1542   2.6370   1.6061   0.7889   1.0248   2.1877   0.7603   0.5861   2.4538   2.5821   0.7840   0.7581   0.9740   2.9109   2.1084   2.1935   1.4717   0.9850   2.6532   2.2737   0.7776   1.5154   0.8339   1.6156   0.7075   2.2998   2.2100   2.0343   1.4215   1.5222   1.8380   2.8097   1.8482   1.1962   1.7172   1.3818   2.8682   0.9200   1.3853   1.9273   2.9869   2.3753   0.7546   2.4074   0.6880   0.2260   2.0195   2.9042   0.3300   1.6468
   1.7182   1.2783   2.5613   0.0000   0.7515   1.9326   2.1242   2.1708   1.3423   2.0166   1.7088   2.2060   2.5018   2.0650   0.8047   1.5989   0.5987   1.2702   2.0987   1.2887   2.4427   1.8472   1.4781   1.0799   1.9504   1.8947   1.5375   1.4475   1.8555   2.0147   1.2680   1.0368   1.7942   2.0357   1.5883   0.8105   1.5793   1.0552   2.2450   1.7960   1.0476   0.9112   2.4285   2.1275   1.8381   0.9784   1.9723   1.3765   1.5065   1.6567   1.1813   2.0540   0.7671   0.8733   0.9729   1.4701   1.9629   1.8344   0.5224   1.7518   1.1761   1.5669   0.7302   0.7908   1.8070   1.0670   2.1473   2.3354   1.6726   0.5720   2.7089   1.8259
   2.1229   1.1867   1.8294   0.7515   0.0000   1.3633   1.4059   2.7861   2.0448   2.7664   1.0109   1.5259   1.7777   1.4056   1.3933   2.1957   1.0598   1.6944   1.8627   1.5419   1.7468   1.1849   1.9663   1.8163   2.5419   1.1646   0.8510   1.9484   1.2683   1.3795   1.9785   1.6145   1.1462   1.6173   0.8688   1.5403   2.3307   1.5871   2.9533   1.4537   1.7187   1.4425   1.8975   2.8071   1.3367   0.5727   1.2367   1.9629   2.2414   2.4082   0.7223   2.6408   0.1094   1.5449   0.6368   0.7581   2.7087   2.0187   1.1542   1.0241   0.4869   2.1804   1.4667   1.0458   1.1005   1.7528   1.7261   1.6111   2.2411   1.2174   1.9715   1.9268
   2.6116   2.1331   0.7060   1.9326   1.3633   0.0000   0.4208   2.1129   2.0707   2.0792   0.4386   0.3451   1.0160   0.2259   2.7319   1.7645   2.4214   2.8816   1.8656   1.2437   1.0992   0.2557   2.8599   2.6395   1.7044   0.9399   0.5432   2.8932   0.0962   0.1540   2.7444   2.9674   0.2552   0.3244   0.5888   2.5901   2.3092   1.6895   1.9665   0.3888   2.8767   1.6988   1.4303   1.7967   0.1435   0.9556   0.8996   2.9567   2.5202   2.2771   0.7520   1.6830   1.4284   2.7664   1.7604   1.1169   2.0269   1.1307   2.4527   0.9767   0.8795   1.8028   2.5177   2.3709   0.4096   2.0373   0.3965   0.5343   2.6629   2.5046   1.0311   2.3125
   2.2547   1.7915   0.4372   2.1242   1.4059   0.4208   0.0000   1.9877   2.4249   2.1043   0.4163   0.1685   0.6273   0.1976   2.6966   2.0846   2.3746   2.4719   1.4515   1.6626   0.6967   0.3153   2.4814   3.0237   1.9086   0.5725   0.5879   2.5135   0.4223   0.2670   2.8909   2.7579   0.3757   0.6616   0.5400   2.9325   2.4924   2.1097   1.9036   0.8024   2.9787   2.1173   1.0320   1.8917   0.5632   1.1965   0.5136   2.6659   2.6347   2.4273   1.0136   1.8490   1.4288   2.9106   1.5714   0.8794   2.1132   1.4671   2.5468   0.6539   0.9489   2.1269   2.8482   2.1946   0.3174   2.4507   0.6664   0.2112   2.4274   2.6101   0.7018   1.9003
   0.6663   1.6402   1.5506   2.1708   2.7861   2.1129   1.9877   0.0000   1.0824   0.3221   2.4036   1.8993   1.4825   2.0340   1.4298   1.0667   1.7477   1.0928   1.1032   1.8116   1.4778   2.2565   0.8222   1.1001   0.7969   2.0462   2.5750   0.8417   2.2050   2.0728   0.9033   1.1990   2.3044   1.8770   2.5163   1.3619   0.6896   1.6270   0.1827   2.0427   1.1321   1.7484   1.2304   0.5372   2.1538   2.8689   1.9936   0.8445   0.6849   0.6179   2.7678   0.7281   2.6926   1.3090   2.1920   2.3592   0.4515   1.4191   1.6920   2.1654   2.9257   1.0651   1.4442   1.7412   2.3051   1.3592   1.7662   1.7765   0.5541   1.6317   1.3262   0.9165
   1.3126   2.0633   2.2194   1.3423   2.0448   2.0707   2.4249   1.0824   0.0000   0.7818   2.4220   2.2606   2.4391   2.2521   1.1448   0.3469   1.4155   1.3292   2.1131   0.9085   2.4875   2.3061   1.1923   0.6022   0.6244   2.9957   2.3652   1.1722   2.1216   2.2025   0.6796   1.0925   2.2727   1.7755   2.4848   0.7754   0.4239   0.5624   1.0277   1.6906   0.8659   0.6683   2.3094   0.7900   1.9531   1.8401   2.9218   1.0111   0.5737   0.4788   1.9110   0.7201   2.0932   0.9310   2.2155   2.8027   0.6767   0.9593   1.1876   3.0186   2.2455   0.3040   0.7981   1.6394   2.4527   0.2924   1.7591   2.3417   1.0428   1.1371   2.2311   1.7325
   0.8692   1.8792   1.6865   2.0166   2.7664   2.0792   2.1043   0.3221   0.7818   0.0000   2.4797   1.9734   1.7195   2.0816   1.4118   0.7455   1.7551   1.2094   1.4246   1.4977   1.7363   2.2933   0.9422   0.9519   0.5074   2.3214   2.6206   0.9498   2.1749   2.0957   0.8018   1.2091   2.3214   1.7821   2.6311   1.2282   0.4402   1.3104   0.2496   1.8849   1.0718   1.4380   1.5281   0.2977   2.0679   2.5559   2.2567   0.8863   0.5304   0.3622   2.5196   0.4648   2.7489   1.2399   2.3998   2.6770   0.1310   1.1630   1.6278   2.4540   2.9068   0.7431   1.3004   1.8316   2.3987   1.0695   1.6882   1.9026   0.6603   1.5641   1.5352   1.1990
   2.5328   1.7168   0.8532   1.7088   1.0109   0.4386   0.4163   2.4036   2.4220   2.4797   0.0000   0.5154   0.9875   0.3983   2.3916   2.1678   2.0479   2.4807   1.6959   1.5179   1.0289   0.1922   2.6664   2.7633   2.1430   0.6227   0.1716   2.6834   0.3539   0.3870   2.9749   2.5841   0.1845   0.7622   0.1556   2.5165   2.7425   1.9177   2.3082   0.7626   2.7291   1.8677   1.3489   2.2189   0.5097   0.7971   0.6191   2.8318   2.9567   2.7156   0.6342   2.1194   1.0511   2.5557   1.3236   0.6870   2.4513   1.5461   2.1650   0.6045   0.5369   2.2017   2.4330   1.9449   0.0998   2.2782   0.8318   0.6273   2.7818   2.2281   1.1028   2.1170
   2.2772   1.9496   0.3784   2.2060   1.5259   0.3451   0.1685   1.8993   2.2606   1.9734   0.5154   0.0000   0.6724   0.1449   2.8642   1.9180   2.5336   2.5815   1.5284   1.5484   0.7593   0.3589   2.5216   2.8552   1.7430   0.7357   0.6810   2.5553   0.3854   0.2094   2.7751   2.8946   0.4121   0.5181   0.6590   2.9339   2.3364   1.9961   1.7929   0.6918   3.0294   2.0263   1.0870   1.7414   0.4849   1.2400   0.6721   2.6777   2.4993   2.2759   1.0438   1.6870   1.5606   3.0698   1.7375   1.0457   1.9682   1.3067   2.6800   0.8220   1.0503   1.9605   2.8625   2.3628   0.4262   2.3157   0.5075   0.1894   2.3961   2.7433   0.6922   1.9714
   1.6278   1.4704   0.3916   2.5018   1.7777   1.0160   0.6273   1.4825   2.4391   1.7195   0.9875   0.6724   0.0000   0.7965   2.3628   2.1631   2.2674   1.9188   0.8603   2.1691   0.1052   0.9389   1.8607   2.5266   1.8253   0.6141   1.1442   1.8939   1.0410   0.8695   2.3094   2.2371   0.9991   1.1372   1.0521   2.6768   2.1559   2.5803   1.4724   1.3497   2.3849   2.6650   0.4147   1.6516   1.1572   1.7812   0.5411   2.0395   2.1607   2.0787   1.6200   1.7242   1.7437   2.4828   1.5751   1.0342   1.7966   1.7524   2.5032   0.7561   1.4439   2.1993   2.7421   2.0076   0.8931   2.7078   1.0764   0.4836   1.8128   2.5224   0.2095   1.2993
   2.4160   1.9675   0.5232   2.0650   1.4056   0.2259   0.1976   2.0340   2.2521   2.0816   0.3983   0.1449   0.7965   0.0000   2.7885   1.9234   2.4445   2.6694   1.6403   1.4651   0.8761   0.2231   2.6563   2.8483   1.7967   0.7497   0.5548   2.6897   0.2465   0.0733   2.8669   2.9367   0.2716   0.4769   0.5504   2.8050   2.4058   1.9124   1.9177   0.6048   3.1017   1.9247   1.2093   1.8302   0.3693   1.0956   0.6989   2.8213   2.5923   2.3547   0.8989   1.7535   1.4492   2.9382   1.6824   0.9999   2.0614   1.2939   2.5555   0.8109   0.9231   1.9644   2.7260   2.3142   0.3219   2.2540   0.5009   0.3233   2.5406   2.6169   0.8332   2.0881
   0.9157   0.9530   2.7482   0.8047   1.3933   2.7319   2.6966   1.4298   1.1448   1.4118   2.3916   2.8642   2.3628   2.7885   0.0000   1.4909   0.3441   0.4917   1.5194   1.7501   2.2605   2.5759   0.6734   0.5622   1.6757   2.1427   2.2423   0.6428   2.6457   2.7724   0.6236   0.2355   2.5394   2.7760   2.2384   0.3867   1.0773   1.3194   1.5628   2.5423   0.3471   1.2544   1.9709   1.6633   2.6420   1.7777   2.2125   0.5885   0.9007   1.1339   1.9816   1.7293   1.3429   0.2160   1.1268   1.8185   1.4327   2.0813   0.2823   2.0467   1.8798   1.4480   0.4053   0.5024   2.4670   1.0455   2.8435   2.7811   0.8866   0.2377   2.4284   1.1127
   1.4985   2.3854   1.8857   1.5989   2.1957   1.7645   2.0846   1.0667   0.3469   0.7455   2.1678   1.9180   2.1631   1.9234   1.4909   0.0000   1.7586   1.6260   2.1699   0.7617   2.2382   2.0150   1.4417   0.9403   0.3625   2.6492   2.1700   1.4289   1.8299   1.8817   0.9801   1.4231   1.9944   1.4526   2.2771   1.1217   0.5900   0.6092   0.9482   1.4061   1.1988   0.7559   2.1816   0.6114   1.6642   1.8116   2.5757   1.2827   0.7967   0.6005   1.8119   0.4698   2.2760   1.2762   2.5407   2.8177   0.6152   0.6343   1.5261   2.7343   2.2015   0.0430   1.1405   1.9863   2.1693   0.5461   1.4237   1.9952   1.2301   1.4785   1.9557   1.8972
   1.1597   0.8002   2.6281   0.5987   1.0598   2.4214   2.3746   1.7477   1.4155   1.7551   2.0479   2.5336   2.2674   2.4445   0.3441   1.7586   0.0000   0.6971   1.5463   1.7980   2.1643   2.2344   0.9431   0.8791   1.9953   1.8678   1.9024   0.9181   2.3273   2.4319   0.9661   0.5548   2.2019   2.6185   1.8944   0.6439   1.4131   1.4325   1.8941   2.3877   0.6898   1.3258   1.9615   2.0058   2.3732   1.5040   1.9457   0.9050   1.2437   1.4733   1.7036   2.0594   1.0025   0.5384   0.8123   1.4999   1.7761   2.2633   0.2410   1.7519   1.5461   1.7161   0.6181   0.2599   2.1231   1.2476   2.7346   2.5206   1.1942   0.2809   2.4190   1.2280
   0.4629   0.7645   2.2747   1.2702   1.6944   2.8816   2.4719   1.0928   1.3292   1.2094   2.4807   2.5815   1.9188   2.6694   0.4917   1.6260   0.6971   0.0000   1.0585   2.1477   1.8261   2.6417   0.2734   0.7594   1.6433   1.9420   2.4209   0.2606   2.8273   2.7353   0.6513   0.3185   2.6611   2.9652   2.3458   0.7644   1.0597   1.6995   1.2634   3.0087   0.5076   1.6754   1.5074   1.5056   2.9903   2.1977   1.9821   0.3542   0.8452   1.0795   2.3923   1.6468   1.6099   0.5642   1.1976   1.7938   1.2870   2.2553   0.7601   1.9101   2.1470   1.5892   0.8234   0.6485   2.4878   1.3594   2.8490   2.3988   0.5562   0.7258   1.9457   0.6280
   0.8395   0.8281   1.2295   2.0987   1.8627   1.8656   1.4515   1.1032   2.1131   1.4246   1.6959   1.5284   0.8603   1.6403   1.5194   2.1699   1.5463   1.0585   0.0000   2.8674   0.7691   1.7307   1.0347   1.7449   1.8693   1.0854   1.7935   1.0653   1.8732   1.7134   1.5546   1.3768   1.7850   1.9875   1.6741   1.8203   1.6905   2.6661   1.2314   2.2093   1.5406   2.7103   0.4521   1.5953   2.0089   2.2985   1.0776   1.2273   1.5529   1.6432   2.2583   1.7773   1.7608   1.6226   1.2744   1.2687   1.5547   2.3169   1.7308   1.1509   1.8966   2.1672   1.8818   1.3163   1.6285   2.3091   1.9099   1.3418   1.0911   1.7226   0.9133   0.4488
   2.2205   2.5668   1.7783   1.2887   1.5419   1.2437   1.6626   1.8116   0.9085   1.4977   1.5179   1.5484   2.1691   1.4651   1.7501   0.7617   1.7980   2.1477   2.8674   0.0000   2.2724   1.4336   2.0853   1.3978   1.0226   2.1388   1.4599   2.0606   1.2635   1.3964   1.5523   1.8401   1.3887   1.0420   1.5784   1.3976   1.3081   0.4483   1.6658   0.8610   1.6403   0.4960   2.5237   1.2950   1.1046   1.0593   2.1215   1.8939   1.4815   1.3398   1.0513   1.1077   1.6464   1.6027   2.1411   2.0617   1.3668   0.5560   1.5864   2.1123   1.4399   0.7745   1.3538   2.0459   1.5633   0.7958   1.0935   1.7199   1.9491   1.5809   2.0607   2.6395
   1.5599   1.3661   0.4963   2.4427   1.7468   1.0992   0.6967   1.4778   2.4875   1.7363   1.0289   0.7593   0.1052   0.8761   2.2605   2.2382   2.1643   1.8261   0.7691   2.2724   0.0000   1.0009   1.7854   2.4735   1.8901   0.5858   1.1769   1.8179   1.1169   0.9494   2.2598   2.1445   1.0601   1.2369   1.0767   2.5894   2.1635   2.6850   1.4869   1.4442   2.3053   2.7683   0.3353   1.6979   1.2419   1.8109   0.5213   1.9697   2.1413   2.0881   1.6628   1.7862   1.7025   2.3899   1.4929   0.9920   1.8240   1.8549   2.3989   0.7236   1.4516   2.2720   2.6480   1.9044   0.9389   2.7724   1.1791   0.5730   1.7615   2.4172   0.2867   1.2134
   2.5592   1.8807   0.7272   1.8472   1.1849   0.2557   0.3153   2.2565   2.3061   2.2933   0.1922   0.3589   0.9389   0.2231   2.5759   2.0150   2.2344   2.6417   1.7307   1.4336   1.0009   0.0000   2.7608   2.8050   1.9563   0.7149   0.3341   2.7880   0.1859   0.1976   2.9842   2.7762   0.0604   0.5795   0.3477   2.6275   2.5641   1.8634   2.1398   0.6163   2.8941   1.8421   1.3347   2.0271   0.3540   0.8895   0.6885   2.9549   2.7727   2.5285   0.7008   1.9286   1.2331   2.7175   1.5139   0.8612   2.2595   1.3830   2.3324   0.7329   0.7007   2.0522   2.5427   2.1370   0.1548   2.2249   0.6422   0.5088   2.7412   2.3938   1.0148   2.1744
   0.2483   0.9817   2.1542   1.4781   1.9663   2.8599   2.4814   0.8222   1.1923   0.9422   2.6664   2.5216   1.8607   2.6563   0.6734   1.4417   0.9431   0.2734   1.0347   2.0853   1.7854   2.7608   0.0000   0.7105   1.3994   2.0572   2.6590   0.0337   2.9018   2.7283   0.5339   0.4445   2.8090   2.6992   2.5627   0.8215   0.8535   1.6590   0.9905   2.8219   0.5250   1.6759   1.4504   1.2397   2.9649   2.4439   2.0761   0.1942   0.6453   0.8573   2.6460   1.3909   1.8831   0.6559   1.4593   2.0047   1.0282   2.0430   0.9557   2.0624   2.4189   1.4102   0.8984   0.9209   2.6338   1.2972   2.5877   2.3347   0.2840   0.9084   1.8308   0.5879
   0.9186   1.4621   2.6370   1.0799   1.8163   2.6395   3.0237   1.1001   0.6022   0.9519   2.7633   2.8552   2.5266   2.8483   0.5622   0.9403   0.8791   0.7594   1.7449   1.3978   2.4735   2.8050   0.7105   0.0000   1.1180   2.6821   2.5969   0.6806   2.6584   2.7882   0.2175   0.4919   2.7474   2.3732   2.6662   0.2763   0.5451   0.9559   1.1662   2.2513   0.2655   0.9656   2.1417   1.1474   2.5024   1.9665   2.7358   0.5176   0.4273   0.6142   2.1360   1.1806   1.8023   0.3472   1.6859   2.3775   0.9313   1.5613   0.6948   2.6053   2.2532   0.8982   0.3508   1.0645   2.8611   0.6026   2.3613   2.8534   0.7142   0.6326   2.4163   1.2982
   1.3686   2.3733   1.6061   1.9504   2.5419   1.7044   1.9086   0.7969   0.6244   0.5074   2.1430   1.7430   1.8253   1.7967   1.6757   0.3625   1.9953   1.6433   1.8693   1.0226   1.8901   1.9563   1.3994   1.1180   0.0000   2.3938   2.2182   1.3985   1.7908   1.7788   1.0729   1.5385   1.9589   1.3810   2.2899   1.3571   0.6115   0.9665   0.6433   1.4228   1.3386   1.1152   1.8206   0.2739   1.6472   2.0721   2.3119   1.2916   0.8165   0.5727   2.0125   0.1073   2.6315   1.4640   2.8024   2.7876   0.3886   0.6611   1.7880   2.5256   2.4022   0.3883   1.3982   2.1716   2.1028   0.8842   1.3146   1.7634   1.1336   1.7312   1.6158   1.7041
   1.9122   1.2200   0.7889   1.8947   1.1646   0.9399   0.5725   2.0462   2.9957   2.3214   0.6227   0.7357   0.6141   0.7497   2.1427   2.6492   1.8678   1.9420   1.0854   2.1388   0.5858   0.7149   2.0572   2.6821   2.3938   0.0000   0.7083   2.0800   0.8960   0.8027   2.5841   2.1905   0.7542   1.2265   0.5894   2.5100   2.7343   2.5317   2.0719   1.3249   2.4171   2.4544   0.8200   2.2607   1.0636   1.2863   0.0819   2.2450   2.6378   2.6641   1.1876   2.3048   1.1304   2.3565   1.0621   0.4259   2.4087   2.0394   2.0921   0.1429   0.8929   2.6921   2.4831   1.6473   0.5766   2.8712   1.2389   0.6557   2.1746   2.1444   0.8151   1.4945
   2.6021   1.6775   1.0248   1.5375   0.8510   0.5432   0.5879   2.5750   2.3652   2.6206   0.1716   0.6810   1.1442   0.5548   2.2423   2.1700   1.9024   2.4209   1.7935   1.4599   1.1769   0.3341   2.6590   2.5969   2.2182   0.7083   0.0000   2.6639   0.4483   0.5303   2.8037   2.4529   0.3000   0.8520   0.1199   2.3449   2.7586   1.8235   2.4723   0.7985   2.5675   1.7540   1.4851   2.3393   0.5738   0.6370   0.7236   2.7670   2.9366   2.7654   0.4921   2.2138   0.9000   2.3915   1.2279   0.6575   2.5677   1.5812   2.0020   0.6540   0.3694   2.1976   2.2616   1.8278   0.2709   2.1727   0.9379   0.7989   2.8742   2.0644   1.2699   2.1838
   0.2816   0.9869   2.1877   1.4475   1.9484   2.8932   2.5135   0.8417   1.1722   0.9498   2.6834   2.5553   1.8939   2.6897   0.6428   1.4289   0.9181   0.2606   1.0653   2.0606   1.8179   2.7880   0.0337   0.6806   1.3985   2.0800   2.6639   0.0000   2.9347   2.7618   0.5083   0.4126   2.8337   2.7173   2.5725   0.7880   0.8427   1.6313   1.0073   2.8207   0.4917   1.6457   1.4831   1.2467   2.9918   2.4161   2.1011   0.1670   0.6323   0.8498   2.6190   1.3937   1.8675   0.6223   1.4540   2.0137   1.0317   2.0365   0.9251   2.0809   2.4075   1.3964   0.8647   0.9044   2.6563   1.2703   2.6079   2.3683   0.2962   0.8771   1.8645   0.6177
   2.6621   2.0643   0.7603   1.8555   1.2683   0.0962   0.4223   2.2050   2.1216   2.1749   0.3539   0.3854   1.0410   0.2465   2.6457   1.8299   2.3273   2.8273   1.8732   1.2635   1.1169   0.1859   2.9018   2.6584   1.7908   0.8960   0.4483   2.9347   0.0000   0.1762   2.8012   2.8791   0.1697   0.4101   0.4997   2.5585   2.3896   1.7026   2.0614   0.4310   2.8557   1.6975   1.4516   1.8911   0.1685   0.8772   0.8640   3.0490   2.6030   2.3624   0.6749   1.7734   1.3324   2.7123   1.6700   1.0389   2.1205   1.1994   2.3712   0.9187   0.7837   1.8667   2.4800   2.2759   0.3395   2.0591   0.4898   0.5695   2.7504   2.4260   1.0776   2.3219
   2.4859   2.0140   0.5861   2.0147   1.3795   0.1540   0.2670   2.0728   2.2025   2.0957   0.3870   0.2094   0.8695   0.0733   2.7724   1.8817   2.4319   2.7353   1.7134   1.3964   0.9494   0.1976   2.7283   2.7882   1.7788   0.8027   0.5303   2.7618   0.1762   0.0000   2.8502   2.9658   0.2338   0.4293   0.5424   2.7334   2.3903   1.8429   1.9468   0.5380   3.0284   1.8524   1.2825   1.8325   0.2970   1.0396   0.7566   2.8856   2.5883   2.3456   0.8403   1.7428   1.4301   2.8839   1.6971   1.0249   2.0648   1.2487   2.5180   0.8538   0.8935   1.9218   2.6560   2.3261   0.3257   2.1882   0.4686   0.3938   2.5956   2.5771   0.9014   2.1613
   0.7174   1.4054   2.4538   1.2680   1.9785   2.7444   2.8909   0.9033   0.6796   0.8018   2.9749   2.7751   2.3094   2.8669   0.6236   0.9801   0.9661   0.6513   1.5546   1.5523   2.2598   2.9842   0.5339   0.2175   1.0729   2.5841   2.8037   0.5083   2.8012   2.8502   0.0000   0.4663   2.9402   2.4289   2.8473   0.4589   0.4621   1.1271   0.9908   2.3703   0.2765   1.1572   1.9316   1.0399   2.6327   2.1822   2.6093   0.3416   0.2777   0.5122   2.3535   1.1136   1.9472   0.4383   1.7325   2.4080   0.8102   1.6142   0.8265   2.5612   2.4428   0.9416   0.5420   1.1012   3.0746   0.7643   2.3818   2.6797   0.4984   0.7629   2.2035   1.1160
   0.6911   0.9709   2.5821   1.0368   1.6145   2.9674   2.7579   1.1990   1.0925   1.2091   2.5841   2.8946   2.2371   2.9367   0.2355   1.4231   0.5548   0.3185   1.3768   1.8401   2.1445   2.7762   0.4445   0.4919   1.5385   2.1905   2.4529   0.4126   2.8791   2.9658   0.4663   0.0000   2.7527   2.8637   2.4286   0.4469   0.9270   1.3925   1.3396   2.6939   0.2267   1.3593   1.8248   1.4798   2.8640   2.0125   2.2453   0.3549   0.7283   0.9714   2.2163   1.5741   1.5555   0.2457   1.2687   1.9426   1.2475   2.0515   0.5155   2.1258   2.1010   1.3820   0.5050   0.6406   2.6404   1.0685   2.8450   2.7169   0.6520   0.4652   2.2523   0.9419
   2.6170   1.8967   0.7840   1.7942   1.1462   0.2552   0.3757   2.3044   2.2727   2.3214   0.1845   0.4121   0.9991   0.2716   2.5394   1.9944   2.2019   2.6611   1.7850   1.3887   1.0601   0.0604   2.8090   2.7474   1.9589   0.7542   0.3000   2.8337   0.1697   0.2338   2.9402   2.7527   0.0000   0.5779   0.3337   2.5681   2.5593   1.8134   2.1805   0.5893   2.8417   1.7875   1.3935   2.0468   0.3304   0.8318   0.7329   2.9990   2.7727   2.5313   0.6415   1.9380   1.1994   2.6668   1.5054   0.8695   2.2784   1.3667   2.2867   0.7617   0.6598   2.0301   2.4835   2.1209   0.1800   2.1760   0.6506   0.5675   2.8008   2.3471   1.0747   2.2262
   2.5029   2.4431   0.7581   2.0357   1.6173   0.3244   0.6616   1.8770   1.7755   1.7821   0.7622   0.5181   1.1372   0.4769   2.7760   1.4526   2.6185   2.9652   1.9875   1.0420   1.2369   0.5795   2.6992   2.3732   1.3810   1.2265   0.8520   2.7173   0.4101   0.4293   2.4289   2.8637   0.5779   0.0000   0.9098   2.4383   1.9849   1.4850   1.7099   0.2433   2.6386   1.5335   1.5357   1.4903   0.2865   1.1202   1.1737   2.6641   2.1959   1.9534   0.9255   1.3641   1.6980   2.6429   2.0789   1.4404   1.7160   0.8194   2.5320   1.2831   1.1542   1.4925   2.3953   2.6612   0.7321   1.7978   0.1166   0.6787   2.4221   2.5573   1.0782   2.3884
   2.4842   1.5883   0.9740   1.5883   0.8688   0.5888   0.5400   2.5163   2.4848   2.6311   0.1556   0.6590   1.0521   0.5504   2.2384   2.2771   1.8944   2.3458   1.6741   1.5784   1.0767   0.3477   2.5627   2.6662   2.2899   0.5894   0.1199   2.5725   0.4997   0.5424   2.8473   2.4286   0.3337   0.9098   0.0000   2.3983   2.8668   1.9427   2.4436   0.8862   2.5803   1.8703   1.3763   2.3745   0.6451   0.7343   0.6077   2.6998   3.0561   2.8578   0.6042   2.2717   0.9021   2.4111   1.1717   0.5589   2.6069   1.6729   2.0214   0.5346   0.4131   2.3068   2.3185   1.7900   0.2328   2.2896   0.9842   0.7495   2.7554   2.0850   1.1927   2.0650
   1.0618   1.3396   2.9109   0.8105   1.5403   2.5901   2.9325   1.3619   0.7754   1.2282   2.5165   2.9339   2.6768   2.8050   0.3867   1.1217   0.6439   0.7644   1.8203   1.3976   2.5894   2.6275   0.8215   0.2763   1.3571   2.5100   2.3449   0.7880   2.5585   2.7334   0.4589   0.4469   2.5681   2.4383   2.3983   0.0000   0.8155   0.9533   1.4395   2.2470   0.2972   0.9125   2.2621   1.4158   2.4492   1.7395   2.5858   0.6531   0.7019   0.8872   1.9267   1.4308   1.5265   0.2051   1.4551   2.1349   1.2050   1.6950   0.4329   2.3955   1.9867   1.0788   0.0851   0.8652   2.6158   0.6593   2.4718   3.1154   0.9143   0.3743   2.6393   1.3779
   0.9189   1.8226   2.1084   1.5793   2.3307   2.3092   2.4924   0.6896   0.4239   0.4402   2.7425   2.3364   2.1559   2.4058   1.0773   0.5900   1.4131   1.0597   1.6905   1.3081   2.1635   2.5641   0.8535   0.5451   0.6115   2.7343   2.7586   0.8427   2.3896   2.3903   0.4621   0.9270   2.5593   1.9849   2.8668   0.8155   0.0000   0.9860   0.6840   1.9845   0.7329   1.0840   1.9144   0.6023   2.2332   2.2580   2.6828   0.7067   0.2145   0.0780   2.3343   0.6529   2.3355   0.8748   2.1945   2.8535   0.3912   1.1983   1.2399   2.8379   2.6559   0.5613   0.8794   1.5631   2.7138   0.6756   1.9250   2.3110   0.6469   1.1775   1.9752   1.3325
   1.8326   2.2319   2.1935   1.0552   1.5871   1.6895   2.1097   1.6270   0.5624   1.3104   1.9177   1.9961   2.5803   1.9124   1.3194   0.6092   1.4325   1.6995   2.6661   0.4483   2.6850   1.8634   1.6590   0.9559   0.9665   2.5317   1.8235   1.6313   1.7026   1.8429   1.1271   1.3925   1.8134   1.4850   1.9427   0.9533   0.9860   0.0000   1.5393   1.3092   1.1925   0.1504   2.7830   1.2201   1.5486   1.2804   2.5368   1.4648   1.1134   1.0404   1.3512   1.0728   1.6673   1.1580   2.0253   2.2957   1.1887   0.8345   1.1992   2.4590   1.6874   0.5937   0.9160   1.6922   1.9791   0.3631   1.5259   2.1636   1.5757   1.1801   2.4224   2.2427
   0.8475   1.8203   1.4717   2.2450   2.9533   1.9665   1.9036   0.1827   1.0277   0.2496   2.3082   1.7929   1.4724   1.9177   1.5628   0.9482   1.8941   1.2634   1.2314   1.6658   1.4869   2.1398   0.9905   1.1662   0.6433   2.0719   2.4723   1.0073   2.0614   1.9468   0.9908   1.3396   2.1805   1.7099   2.4436   1.4395   0.6840   1.5393   0.0000   1.8645   1.2432   1.6736   1.2850   0.3727   1.9920   2.7025   2.0077   0.9904   0.7390   0.6064   2.5851   0.5635   2.8719   1.4187   2.3731   2.4410   0.3540   1.2429   1.8087   2.2050   2.8402   0.9539   1.5170   1.9113   2.2153   1.3173   1.6023   1.6947   0.7133   1.7462   1.2932   1.0900
   2.7037   2.4743   0.9850   1.7960   1.4537   0.3888   0.8024   2.0427   1.6906   1.8849   0.7626   0.6918   1.3497   0.6048   2.5423   1.4061   2.3877   3.0087   2.2093   0.8610   1.4442   0.6163   2.8219   2.2513   1.4228   1.3249   0.7985   2.8207   0.4310   0.5380   2.3703   2.6939   0.5893   0.2433   0.8862   2.2470   1.9845   1.3092   1.8645   0.0000   2.5012   1.3349   1.7583   1.5874   0.2625   0.9163   1.2878   2.6886   2.1978   1.9727   0.7354   1.4316   1.5467   2.4491   1.9984   1.4444   1.7946   0.7867   2.2889   1.3490   1.0307   1.4411   2.1907   2.4867   0.7674   1.6502   0.3513   0.8724   2.5451   2.3160   1.3112   2.6282
   0.7647   1.1975   2.6532   1.0476   1.7187   2.8767   2.9787   1.1321   0.8659   1.0718   2.7291   3.0294   2.3849   3.1017   0.3471   1.1988   0.6898   0.5076   1.5406   1.6403   2.3053   2.8941   0.5250   0.2655   1.3386   2.4171   2.5675   0.4917   2.8557   3.0284   0.2765   0.2267   2.8417   2.6386   2.5803   0.2972   0.7329   1.1925   1.2432   2.5012   0.0000   1.1782   1.9722   1.3164   2.7333   2.0133   2.4708   0.3578   0.5539   0.7873   2.2085   1.3858   1.6787   0.1769   1.4643   2.1510   1.0863   1.8252   0.5655   2.3499   2.1982   1.1573   0.3770   0.8329   2.8119   0.8537   2.6225   2.8570   0.6341   0.5031   2.3464   1.0931
   1.8742   2.1243   2.2737   0.9112   1.4425   1.6988   2.1173   1.7484   0.6683   1.4380   1.8677   2.0263   2.6650   1.9247   1.2544   0.7559   1.3258   1.6754   2.7103   0.4960   2.7683   1.8421   1.6759   0.9656   1.1152   2.4544   1.7540   1.6457   1.6975   1.8524   1.1572   1.3593   1.7875   1.5335   1.8703   0.9125   1.0840   0.1504   1.6736   1.3349   1.1782   0.0000   2.9334   1.3653   1.5555   1.1742   2.4776   1.4831   1.1863   1.1451   1.2677   1.2219   1.5200   1.1163   1.8778   2.1671   1.3204   0.9544   1.1012   2.3597   1.5776   0.7381   0.8621   1.5833   1.9403   0.4194   1.5893   2.2063   1.6329   1.0900   2.5379   2.2633
   1.2252   1.1790   0.7776   2.4285   1.8975   1.4303   1.0320   1.2304   2.3094   1.5281   1.3489   1.0870   0.4147   1.2093   1.9709   2.1816   1.9615   1.5074   0.4521   2.5237   0.3353   1.3347   1.4504   2.1417   1.8206   0.8200   1.4851   1.4831   1.4516   1.2825   1.9316   1.8248   1.3935   1.5357   1.3763   2.2621   1.9144   2.7830   1.2850   1.7583   1.9722   2.9334   0.0000   1.5759   1.5718   2.1024   0.7781   1.6344   1.8471   1.8464   1.9770   1.7136   1.8244   2.0699   1.4692   1.1566   1.6388   2.0104   2.1678   0.9351   1.7129   2.2019   2.3290   1.7120   1.2637   2.5891   1.4615   0.8982   1.4358   2.1665   0.4685   0.8848
   1.1585   2.1645   1.5154   2.1275   2.8071   1.7967   1.8917   0.5372   0.7900   0.2977   2.2189   1.7414   1.6516   1.8302   1.6633   0.6114   2.0058   1.5056   1.5953   1.2950   1.6979   2.0271   1.2397   1.1474   0.2739   2.2607   2.3393   1.2467   1.8911   1.8325   1.0399   1.4798   2.0468   1.4903   2.3745   1.4158   0.6023   1.2201   0.3727   1.5874   1.3164   1.3653   1.5759   0.0000   1.7744   2.3344   2.1821   1.1748   0.7626   0.5357   2.2496   0.1914   2.8796   1.4712   2.6971   2.6855   0.2324   0.8862   1.8422   2.4035   2.6147   0.6272   1.4751   2.1151   2.1520   1.0769   1.4015   1.7097   0.9580   1.7797   1.4466   1.4534
   2.7253   2.2263   0.8339   1.8381   1.3367   0.1435   0.5632   2.1538   1.9531   2.0679   0.5097   0.4849   1.1572   0.3693   2.6420   1.6642   2.3732   2.9903   2.0089   1.1046   1.2419   0.3540   2.9649   2.5024   1.6472   1.0636   0.5738   2.9918   0.1685   0.2970   2.6327   2.8640   0.3304   0.2865   0.6451   2.4492   2.2332   1.5486   1.9920   0.2625   2.7333   1.5555   1.5718   1.7744   0.0000   0.8744   1.0293   2.9382   2.4477   2.2130   0.6719   1.6401   1.4138   2.6336   1.8008   1.1965   1.9972   1.0369   2.3601   1.0869   0.8680   1.7004   2.3794   2.3760   0.5062   1.8999   0.3897   0.6742   2.7052   2.4053   1.1624   2.4552
   2.6590   1.7552   1.6156   0.9784   0.5727   0.9556   1.1965   2.8689   1.8401   2.5559   0.7971   1.2400   1.7812   1.0956   1.7777   1.8116   1.5040   2.1977   2.2985   1.0593   1.8109   0.8895   2.4439   1.9665   2.0721   1.2863   0.6370   2.4161   0.8772   1.0396   2.1822   2.0125   0.8318   1.1202   0.7343   1.7395   2.2580   1.2804   2.7025   0.9163   2.0133   1.1742   2.1024   2.3344   0.8744   0.0000   1.3243   2.3544   2.3293   2.3187   0.2039   2.1430   0.6795   1.8450   1.2018   1.0307   2.4249   1.4603   1.4971   1.1856   0.4073   1.8167   1.6544   1.5706   0.8948   1.5850   1.2365   1.3980   2.6470   1.5497   1.8966   2.4903
   1.9138   1.2784   0.7075   1.9723   1.2367   0.8996   0.5136   1.9936   2.9218   2.2567   0.6191   0.6721   0.5411   0.6989   2.2125   2.5757   1.9457   1.9821   1.0776   2.1215   0.5213   0.6885   2.0761   2.7358   2.3119   0.0819   0.7236   2.1011   0.8640   0.7566   2.6093   2.2453   0.7329   1.1737   0.6077   2.5858   2.6828   2.5368   2.0077   1.2878   2.4708   2.4776   0.7781   2.1821   1.0293   1.3243   0.0000   2.2677   2.6184   2.6086   1.2116   2.2230   1.2064   2.4240   1.1425   0.5058   2.3376   1.9788   2.1721   0.2220   0.9404   2.6186   2.5625   1.7211   0.5607   2.8956   1.1786   0.5805   2.1683   2.2236   0.7386   1.5011
   0.4117   1.1159   2.2998   1.3765   1.9629   2.9567   2.6659   0.8445   1.0111   0.8863   2.8318   2.6777   2.0395   2.8213   0.5885   1.2827   0.9050   0.3542   1.2273   1.8939   1.9697   2.9549   0.1942   0.5176   1.2916   2.2450   2.7670   0.1670   3.0490   2.8856   0.3416   0.3549   2.9990   2.6641   2.6998   0.6531   0.7067   1.4648   0.9904   2.6886   0.3578   1.4831   1.6344   1.1748   2.9382   2.3544   2.2677   0.0000   0.4924   0.7253   2.5557   1.3016   1.8962   0.5133   1.5394   2.1468   0.9481   1.9047   0.8624   2.2390   2.4456   1.2481   0.7344   0.9454   2.8194   1.1034   2.5745   2.4997   0.2987   0.8071   1.9886   0.7817
   0.7391   1.6083   2.2100   1.5065   2.2414   2.5202   2.6347   0.6849   0.5737   0.5304   2.9567   2.4993   2.1607   2.5923   0.9007   0.7967   1.2437   0.8452   1.5529   1.4815   2.1413   2.7727   0.6453   0.4273   0.8165   2.6378   2.9366   0.6323   2.6030   2.5883   0.2777   0.7283   2.7727   2.1959   3.0561   0.7019   0.2145   1.1134   0.7390   2.1978   0.5539   1.1863   1.8471   0.7626   2.4477   2.3293   2.6184   0.4924   0.0000   0.2443   2.4531   0.8459   2.2192   0.7140   1.9958   2.6390   0.5325   1.4123   1.0985   2.6894   2.6722   0.7649   0.7781   1.3687   2.9132   0.7669   2.1305   2.4306   0.4693   1.0348   2.0110   1.1589
   0.8984   1.8361   2.0343   1.6567   2.4082   2.2771   2.4273   0.6179   0.4788   0.3622   2.7156   2.2759   2.0787   2.3547   1.1339   0.6005   1.4733   1.0795   1.6432   1.3398   2.0881   2.5285   0.8573   0.6142   0.5727   2.6641   2.7654   0.8498   2.3624   2.3456   0.5122   0.9714   2.5313   1.9534   2.8578   0.8872   0.0780   1.0404   0.6064   1.9727   0.7873   1.1451   1.8464   0.5357   2.2130   2.3187   2.6086   0.7253   0.2443   0.0000   2.3802   0.6028   2.4106   0.9363   2.2398   2.8599   0.3178   1.1867   1.3078   2.7782   2.7221   0.5766   0.9531   1.6112   2.6713   0.7427   1.8863   2.2402   0.6297   1.2449   1.8973   1.3046
   2.8439   1.8677   1.4215   1.1813   0.7223   0.7520   1.0136   2.7678   1.9110   2.5196   0.6342   1.0438   1.6200   0.8989   1.9816   1.8119   1.7036   2.3923   2.2583   1.0513   1.6628   0.7008   2.6460   2.1360   2.0125   1.1876   0.4921   2.6190   0.6749   0.8403   2.3535   2.2163   0.6415   0.9255   0.6042   1.9267   2.3343   1.3512   2.5851   0.7354   2.2085   1.2677   1.9770   2.2496   0.6719   0.2039   1.2116   2.5557   2.4531   2.3802   0.0000   2.0643   0.8211   2.0437   1.3201   1.0105   2.3950   1.3640   1.7009   1.1087   0.3959   1.8258   1.8420   1.7535   0.7269   1.6871   1.0410   1.2088   2.8409   1.7530   1.7152   2.5629
   1.3340   2.3439   1.5222   2.0540   2.6408   1.6830   1.8490   0.7281   0.7201   0.4648   2.1194   1.6870   1.7242   1.7535   1.7293   0.4698   2.0594   1.6468   1.7773   1.1077   1.7862   1.9286   1.3909   1.1806   0.1073   2.3048   2.2138   1.3937   1.7734   1.7428   1.1136   1.5741   1.9380   1.3641   2.2717   1.4308   0.6529   1.0728   0.5635   1.4316   1.3858   1.2219   1.7136   0.1914   1.6401   2.1430   2.2230   1.3016   0.8459   0.6028   2.0643   0.0000   2.7348   1.5224   2.8398   2.7169   0.3630   0.7008   1.8636   2.4413   2.4421   0.4953   1.4774   2.2140   2.0685   0.9870   1.2877   1.6910   1.1156   1.8047   1.5147   1.6436
   2.0263   1.0779   1.8380   0.7671   0.1094   1.4284   1.4288   2.6926   2.0932   2.7489   1.0511   1.5606   1.7437   1.4492   1.3429   2.2760   1.0025   1.6099   1.7608   1.6464   1.7025   1.2331   1.8831   1.8023   2.6315   1.1304   0.9000   1.8675   1.3324   1.4301   1.9472   1.5555   1.1994   1.6980   0.9021   1.5265   2.3355   1.6673   2.8719   1.5467   1.6787   1.5200   1.8244   2.8796   1.4138   0.6795   1.2064   1.8962   2.2192   2.4106   0.8211   2.7348   0.0000   1.5093   0.5274   0.7110   2.7259   2.1281   1.1212   0.9878   0.5494   2.2569   1.4580   0.9632   1.1349   1.8042   1.8033   1.6274   2.1631   1.1849   1.9450   1.8178
   0.9033   1.1523   2.8097   0.8733   1.5449   2.7664   2.9106   1.3090   0.9310   1.2399   2.5557   3.0698   2.4828   2.9382   0.2160   1.2762   0.5384   0.5642   1.6226   1.6027   2.3899   2.7175   0.6559   0.3472   1.4640   2.3565   2.3915   0.6223   2.7123   2.8839   0.4383   0.2457   2.6668   2.6429   2.4111   0.2051   0.8748   1.1580   1.4187   2.4491   0.1769   1.1163   2.0699   1.4712   2.6336   1.8450   2.4240   0.5133   0.7140   0.9363   2.0437   1.5224   1.5093   0.0000   1.3392   2.0312   1.2448   1.8773   0.3907   2.2627   2.0220   1.2335   0.2593   0.7182   2.6439   0.8537   2.6694   2.9604   0.8023   0.3276   2.4856   1.1859
   1.5432   0.5536   1.8482   0.9729   0.6368   1.7604   1.5714   2.1920   2.2155   2.3998   1.3236   1.7375   1.5751   1.6824   1.1268   2.5407   0.8123   1.1976   1.2744   2.1411   1.4929   1.5139   1.4593   1.6859   2.8024   1.0621   1.2279   1.4540   1.6700   1.6971   1.7325   1.2687   1.5054   2.0789   1.1717   1.4551   2.1945   2.0253   2.3731   1.9984   1.4643   1.8778   1.4692   2.6971   1.8008   1.2018   1.1425   1.5394   1.9958   2.2398   1.3201   2.8398   0.5274   1.3392   0.0000   0.6920   2.4846   2.6550   1.0300   0.9404   0.9709   2.5014   1.4213   0.6318   1.3717   1.9957   2.1554   1.7087   1.7397   1.0836   1.7790   1.2912
   1.9656   1.0310   1.1962   1.4701   0.7581   1.1169   0.8794   2.3592   2.8027   2.6770   0.6870   1.0457   1.0342   0.9999   1.8185   2.8177   1.4999   1.7938   1.2687   2.0617   0.9920   0.8612   2.0047   2.3775   2.7876   0.4259   0.6575   2.0137   1.0389   1.0249   2.4080   1.9426   0.8695   1.4404   0.5589   2.1349   2.8535   2.2957   2.4410   1.4444   2.1510   2.1671   1.1566   2.6855   1.1965   1.0307   0.5058   2.1468   2.6390   2.8599   1.0105   2.7169   0.7110   2.0312   0.6920   0.0000   2.7950   2.2310   1.7023   0.2838   0.6288   2.8359   2.0888   1.3195   0.7084   2.5108   1.4933   1.0270   2.2318   1.7606   1.2389   1.5679
   0.9802   1.9878   1.7172   1.9629   2.7087   2.0269   2.1132   0.4515   0.6767   0.1310   2.4513   1.9682   1.7966   2.0614   1.4327   0.6152   1.7761   1.2870   1.5547   1.3668   1.8240   2.2595   1.0282   0.9313   0.3886   2.4087   2.5677   1.0317   2.1205   2.0648   0.8102   1.2475   2.2784   1.7160   2.6069   1.2050   0.3912   1.1887   0.3540   1.7946   1.0863   1.3204   1.6388   0.2324   1.9972   2.4249   2.3376   0.9481   0.5325   0.3178   2.3950   0.3630   2.7259   1.2448   2.4846   2.7950   0.0000   1.0493   1.6231   2.5476   2.7891   0.6141   1.2705   1.8840   2.3833   0.9684   1.6308   1.9226   0.7529   1.5598   1.6024   1.3250
   2.0295   3.0194   1.3818   1.8344   2.0187   1.1307   1.4671   1.4191   0.9593   1.1630   1.5461   1.3067   1.7524   1.2939   2.0813   0.6343   2.2633   2.2553   2.3169   0.5560   1.8549   1.3830   2.0430   1.5613   0.6611   2.0394   1.5812   2.0365   1.1994   1.2487   1.6142   2.0515   1.3667   0.8194   1.6729   1.6950   1.1983   0.8345   1.2429   0.7867   1.8252   0.9544   2.0104   0.8862   1.0369   1.4603   1.9788   1.9047   1.4123   1.1867   1.3640   0.7008   2.1281   1.8773   2.6550   2.2310   1.0493   0.0000   2.0251   2.1024   1.7441   0.6735   1.6881   2.5227   1.5378   1.0397   0.8007   1.4204   1.7905   1.9971   1.5885   2.3325
   1.1971   1.0329   2.8682   0.5224   1.1542   2.4527   2.5468   1.6920   1.1876   1.6278   2.1650   2.6800   2.5032   2.5555   0.2823   1.5261   0.2410   0.7601   1.7308   1.5864   2.3989   2.3324   0.9557   0.6948   1.7880   2.0921   2.0020   0.9251   2.3712   2.5180   0.8265   0.5155   2.2867   2.5320   2.0214   0.4329   1.2399   1.1992   1.8087   2.2889   0.5655   1.1012   2.1678   1.8422   2.3601   1.4971   2.1721   0.8624   1.0985   1.3078   1.7009   1.8636   1.1212   0.3907   1.0300   1.7023   1.6231   2.0251   0.0000   1.9682   1.6329   1.4841   0.3913   0.4978   2.2540   1.0074   2.6311   2.7278   1.1611   0.0637   2.6356   1.3607
   1.9503   1.1604   0.9200   1.7518   1.0241   0.9767   0.6539   2.1654   3.0186   2.4540   0.6045   0.8220   0.7561   0.8109   2.0467   2.7343   1.7519   1.9101   1.1509   2.1123   0.7236   0.7329   2.0624   2.6053   2.5256   0.1429   0.6540   2.0809   0.9187   0.8538   2.5612   2.1258   0.7617   1.2831   0.5346   2.3955   2.8379   2.4590   2.2050   1.3490   2.3499   2.3597   0.9351   2.4035   1.0869   1.1856   0.2220   2.2390   2.6894   2.7782   1.1087   2.4413   0.9878   2.2627   0.9404   0.2838   2.5476   2.1024   1.9682   0.0000   0.7828   2.7752   2.3590   1.5452   0.5821   2.7577   1.3107   0.7686   2.2208   2.0234   0.9579   1.5306
   2.5070   1.4972   1.3853   1.1761   0.4869   0.8795   0.9489   2.9257   2.2455   2.9068   0.5369   1.0503   1.4439   0.9231   1.8798   2.2015   1.5461   2.1470   1.8966   1.4399   1.4516   0.7007   2.4189   2.2532   2.4022   0.8929   0.3694   2.4075   0.7837   0.8935   2.4428   2.1010   0.6598   1.1542   0.4131   1.9867   2.6559   1.6874   2.8402   1.0307   2.1982   1.5776   1.7129   2.6147   0.8680   0.4073   0.9404   2.4456   2.6722   2.7221   0.3959   2.4421   0.5494   2.0220   0.9709   0.6288   2.7891   1.7441   1.6329   0.7828   0.0000   2.2117   1.9059   1.5080   0.6328   1.9806   1.2559   1.1598   2.7029   1.6951   1.5999   2.1671
